Channel A: 
Mode: 2
N1/T1: 1.08 ms
Channel B: 
Mode: 1
N2/T2: 1.08 ms
tau (ms)	g2 Values
-3.999888161	0.0
-3.983888161	0.0
-3.967888161	0.0
-3.951888161	0.0
-3.935888161	0.0
-3.919888161	0.0
-3.903888161	0.0
-3.887888161	0.0
-3.8718881609999998	0.0
-3.8558881609999998	0.0
-3.8398881609999997	0.0
-3.8238881609999997	0.0
-3.8078881609999997	0.0
-3.7918881609999997	0.0
-3.7758881609999997	0.0
-3.7598881609999997	0.0
-3.7438881609999997	0.0
-3.7278881609999996	0.0
-3.7118881609999996	0.0
-3.6958881609999996	0.0
-3.6798881609999996	0.0
-3.6638881609999996	0.0
-3.6478881609999996	0.0
-3.6318881609999996	0.0
-3.6158881609999995	0.0
-3.5998881609999995	0.0
-3.5838881609999995	0.0
-3.5678881609999995	0.0
-3.5518881609999995	0.0
-3.5358881609999995	0.0
-3.5198881609999995	0.0
-3.5038881609999994	0.0
-3.4878881609999994	0.0
-3.4718881609999994	0.0
-3.4558881609999994	0.0
-3.4398881609999994	0.0
-3.4238881609999994	0.0
-3.4078881609999994	0.0
-3.3918881609999993	0.0
-3.3758881609999993	0.0
-3.3598881609999993	0.0
-3.3438881609999993	0.0
-3.3278881609999993	0.0
-3.3118881609999993	0.0
-3.2958881609999993	0.0
-3.2798881609999992	0.0
-3.2638881609999992	0.0
-3.247888160999999	0.0
-3.231888160999999	0.0
-3.215888160999999	0.0
-3.199888160999999	0.0
-3.183888160999999	0.0
-3.167888160999999	0.0
-3.151888160999999	0.0
-3.135888160999999	0.0
-3.119888160999999	0.0
-3.103888160999999	0.0
-3.087888160999999	0.0
-3.071888160999999	0.0
-3.055888160999999	0.0
-3.039888160999999	0.0
-3.023888160999999	0.0
-3.007888160999999	0.0
-2.991888160999999	0.0
-2.975888160999999	0.0
-2.959888160999999	0.0
-2.943888160999999	0.0
-2.927888160999999	0.0
-2.911888160999999	0.0
-2.895888160999999	0.0
-2.879888160999999	0.0
-2.863888160999999	0.0
-2.847888160999999	0.0
-2.831888160999999	0.0
-2.815888160999999	0.0
-2.799888160999999	0.0
-2.783888160999999	0.0
-2.767888160999999	0.0
-2.751888160999999	0.0
-2.7358881609999988	0.0
-2.7198881609999987	0.0
-2.7038881609999987	0.0
-2.6878881609999987	0.0
-2.6718881609999987	0.0
-2.6558881609999987	0.0
-2.6398881609999987	0.0
-2.6238881609999987	0.0
-2.6078881609999987	0.0
-2.5918881609999986	0.0
-2.5758881609999986	0.0
-2.5598881609999986	0.0
-2.5438881609999986	0.0
-2.5278881609999986	0.0
-2.5118881609999986	0.0
-2.4958881609999986	0.0
-2.4798881609999985	0.0
-2.4638881609999985	0.0
-2.4478881609999985	0.0
-2.4318881609999985	0.0
-2.4158881609999985	0.0
-2.3998881609999985	0.0
-2.3838881609999985	0.0
-2.3678881609999984	0.0
-2.3518881609999984	0.0
-2.3358881609999984	0.0
-2.3198881609999984	0.0
-2.3038881609999984	0.0
-2.2878881609999984	0.0
-2.2718881609999984	0.0
-2.2558881609999983	0.0
-2.2398881609999983	0.0
-2.2238881609999983	0.0
-2.2078881609999983	0.0
-2.1918881609999983	0.0
-2.1758881609999983	0.0
-2.1598881609999983	0.0
-2.1438881609999982	0.0
-2.1278881609999982	0.0
-2.111888160999998	0.0
-2.095888160999998	0.0
-2.079888160999998	0.0
-2.063888160999998	0.0
-2.047888160999998	0.0
-2.031888160999998	0.0
-2.015888160999998	0.0
-1.999888160999998	0.0
-1.983888160999998	0.0
-1.967888160999998	0.0
-1.951888160999998	0.0
-1.935888160999998	0.0
-1.919888160999998	0.0
-1.903888160999998	0.0
-1.887888160999998	0.0
-1.871888160999998	0.0
-1.855888160999998	0.0
-1.839888160999998	0.0
-1.823888160999998	0.0
-1.807888160999998	0.0
-1.791888160999998	0.0
-1.775888160999998	0.0
-1.759888160999998	0.0
-1.7438881609999979	0.0
-1.7278881609999979	0.0
-1.7118881609999979	0.0
-1.6958881609999978	0.0
-1.6798881609999978	0.0
-1.6638881609999978	0.0
-1.6478881609999978	0.0
-1.6318881609999978	0.0
-1.6158881609999978	0.0
-1.5998881609999978	0.0
-1.5838881609999977	0.0
-1.5678881609999977	0.0
-1.5518881609999977	0.0
-1.5358881609999977	0.0
-1.5198881609999977	0.0
-1.5038881609999977	0.0
-1.4878881609999977	0.0
-1.4718881609999976	0.0
-1.4558881609999976	0.0
-1.4398881609999976	0.0
-1.4238881609999976	0.0
-1.4078881609999976	0.0
-1.3918881609999976	0.0
-1.3758881609999976	0.0
-1.3598881609999975	0.0
-1.3438881609999975	0.0
-1.3278881609999975	0.0
-1.3118881609999975	0.0
-1.2958881609999975	0.0
-1.2798881609999975	0.0
-1.2638881609999975	0.0
-1.2478881609999974	0.0
-1.2318881609999974	0.0
-1.2158881609999974	0.0
-1.1998881609999974	0.0
-1.1838881609999974	0.0
-1.1678881609999974	0.0
-1.1518881609999974	0.0
-1.1358881609999973	0.0
-1.1198881609999973	0.0
-1.1038881609999973	0.0
-1.0878881609999973	0.0
-1.0718881609999973	0.0
-1.0558881609999973	0.0
-1.0398881609999973	0.0
-1.0238881609999972	0.0
-1.0078881609999972	0.0
-0.9918881609999972	0.0
-0.9758881609999972	0.0
-0.9598881609999972	0.0
-0.9438881609999972	0.0
-0.9278881609999972	0.0
-0.9118881609999971	0.0
-0.8958881609999971	0.0
-0.8798881609999971	0.0
-0.8638881609999971	0.0
-0.8478881609999971	0.0
-0.8318881609999971	0.0
-0.8158881609999971	0.0
-0.799888160999997	0.0
-0.783888160999997	0.0
-0.767888160999997	0.0
-0.751888160999997	0.0
-0.735888160999997	0.0
-0.719888160999997	0.0
-0.703888160999997	0.0
-0.687888160999997	0.0
-0.6718881609999969	0.0
-0.6558881609999969	0.0
-0.6398881609999969	0.0
-0.6238881609999969	0.0
-0.6078881609999969	0.0
-0.5918881609999969	0.0
-0.5758881609999968	0.0
-0.5598881609999968	0.0
-0.5438881609999968	0.0
-0.5278881609999968	0.0
-0.5118881609999968	0.0
-0.4958881609999968	0.0
-0.47988816099999676	0.0
-0.46388816099999675	0.0
-0.44788816099999673	0.0
-0.4318881609999967	0.0
-0.4158881609999967	0.0
-0.3998881609999967	0.0
-0.3838881609999967	0.0
-0.36788816099999666	0.0
-0.35188816099999665	0.0
-0.33588816099999663	0.0
-0.3198881609999966	0.0
-0.3038881609999966	0.0
-0.2878881609999966	0.0
-0.2718881609999966	0.0
-0.25588816099999656	0.0
-0.23988816099999655	0.0
-0.22388816099999653	0.0
-0.20788816099999652	0.0
-0.1918881609999965	0.0
-0.1758881609999965	0.0
-0.15988816099999648	0.0
-0.14388816099999646	0.0
-0.12788816099999645	0.0
-0.11188816099999643	0.0
-0.09588816099999642	0.0
-0.0798881609999964	0.0
-0.06388816099999639	0.0
-0.047888160999996376	0.0
-0.03188816099999636	0.0
-0.015888160999996348	0.0
0.0001118390000036662	0.05064558492855306
0.01611183900000368	0.16014955234164077
0.032111839000003695	0.16288715152696798
0.04811183900000371	0.16973114949028595
0.06411183900000372	0.19710714134355786
0.08011183900000374	0.17383754826827674
0.09611183900000375	0.17657514745360392
0.11211183900000377	0.17931274663893113
0.12811183900000378	0.15741195315631357
0.1441118390000038	0.1888943437875763
0.1601118390000038	0.13961755845168683
0.17611183900000382	0.17520634786094033
0.19211183900000384	0.19710714134355786
0.20811183900000385	0.17109994908294954
0.22411183900000387	0.16288715152696798
0.24011183900000388	0.16562475071229515
0.2561118390000039	0.17657514745360392
0.2721118390000039	0.17109994908294954
0.2881118390000039	0.1820503458242583
0.30411183900000394	0.17657514745360392
0.32011183900000395	0.17246874867561313
0.33611183900000396	0.16288715152696798
0.352111839000004	0.15741195315631357
0.368111839000004	0.17931274663893113
0.384111839000004	0.17520634786094033
0.400111839000004	0.15878075274897718
0.41611183900000404	0.15741195315631357
0.43211183900000405	0.1861567446022491
0.44811183900000406	0.149199155600332
0.4641118390000041	0.14098635804435042
0.4801118390000041	0.1861567446022491
0.4961118390000041	0.1861567446022491
0.5121118390000041	0.15741195315631357
0.5281118390000041	0.1464615564150048
0.5441118390000041	0.16699355030495874
0.5601118390000042	0.16836234989762236
0.5761118390000042	0.16699355030495874
0.5921118390000042	0.16562475071229515
0.6081118390000042	0.15741195315631357
0.6241118390000042	0.17657514745360392
0.6401118390000042	0.1861567446022491
0.6561118390000042	0.16288715152696798
0.6721118390000043	0.15604315356364998
0.6881118390000043	0.17931274663893113
0.7041118390000043	0.15878075274897718
0.7201118390000043	0.13140476089570524
0.7361118390000043	0.14372395722967762
0.7521118390000043	0.149199155600332
0.7681118390000043	0.15741195315631357
0.7841118390000044	0.16973114949028595
0.8001118390000044	0.1861567446022491
0.8161118390000044	0.18752554419491269
0.8321118390000044	0.16151835193430436
0.8481118390000044	0.16836234989762236
0.8641118390000044	0.1533055543783228
0.8801118390000044	0.16836234989762236
0.8961118390000045	0.19163194297290348
0.9121118390000045	0.19847594093622148
0.9281118390000045	0.1546743539709864
0.9441118390000045	0.1888943437875763
0.9601118390000045	0.13824875885902324
0.9761118390000045	0.1902631433802399
0.9921118390000045	0.16014955234164077
1.0081118390000046	0.14372395722967762
1.0241118390000046	0.16562475071229515
1.0401118390000046	0.16836234989762236
1.0561118390000046	0.17383754826827674
1.0721118390000046	0.13824875885902324
1.0881118390000046	0.13824875885902324
1.1041118390000046	0.16425595111963157
1.1201118390000047	0.17520634786094033
1.1361118390000047	0.14783035600766842
1.1521118390000047	0.15193675478565918
1.1681118390000047	0.1820503458242583
1.1841118390000047	0.14098635804435042
1.2001118390000047	0.1450927568223412
1.2161118390000047	0.1888943437875763
1.2321118390000048	0.16699355030495874
1.2481118390000048	0.15604315356364998
1.2641118390000048	0.16014955234164077
1.2801118390000048	0.17657514745360392
1.2961118390000048	0.17931274663893113
1.3121118390000048	0.18752554419491269
1.3281118390000048	0.17657514745360392
1.3441118390000049	0.17657514745360392
1.3601118390000049	0.18752554419491269
1.3761118390000049	0.1533055543783228
1.392111839000005	0.16014955234164077
1.408111839000005	0.14098635804435042
1.424111839000005	0.1820503458242583
1.440111839000005	0.16699355030495874
1.456111839000005	0.1450927568223412
1.472111839000005	0.18341914541692192
1.488111839000005	0.16425595111963157
1.504111839000005	0.16699355030495874
1.520111839000005	0.15193675478565918
1.536111839000005	0.17383754826827674
1.552111839000005	0.15741195315631357
1.568111839000005	0.1902631433802399
1.584111839000005	0.16699355030495874
1.600111839000005	0.16836234989762236
1.616111839000005	0.14783035600766842
1.6321118390000051	0.14783035600766842
1.6481118390000051	0.16151835193430436
1.6641118390000051	0.16699355030495874
1.6801118390000052	0.15878075274897718
1.6961118390000052	0.17794394704626754
1.7121118390000052	0.17246874867561313
1.7281118390000052	0.1930007425655671
1.7441118390000052	0.16014955234164077
1.7601118390000052	0.16973114949028595
1.7761118390000052	0.17520634786094033
1.7921118390000053	0.14372395722967762
1.8081118390000053	0.1533055543783228
1.8241118390000053	0.16836234989762236
1.8401118390000053	0.1464615564150048
1.8561118390000053	0.17520634786094033
1.8721118390000053	0.15604315356364998
1.8881118390000053	0.13414236008103245
1.9041118390000054	0.16288715152696798
1.9201118390000054	0.15878075274897718
1.9361118390000054	0.13961755845168683
1.9521118390000054	0.16699355030495874
1.9681118390000054	0.1546743539709864
1.9841118390000054	0.17109994908294954
2.0001118390000054	0.1533055543783228
2.0161118390000055	0.16699355030495874
2.0321118390000055	0.1546743539709864
2.0481118390000055	0.1546743539709864
2.0641118390000055	0.14783035600766842
2.0801118390000055	0.1505679551929956
2.0961118390000055	0.17246874867561313
2.1121118390000055	0.16151835193430436
2.1281118390000056	0.18341914541692192
2.1441118390000056	0.1533055543783228
2.1601118390000056	0.17246874867561313
2.1761118390000056	0.14783035600766842
2.1921118390000056	0.17383754826827674
2.2081118390000056	0.1820503458242583
2.2241118390000056	0.1505679551929956
2.2401118390000057	0.17931274663893113
2.2561118390000057	0.18341914541692192
2.2721118390000057	0.16014955234164077
2.2881118390000057	0.149199155600332
2.3041118390000057	0.17794394704626754
2.3201118390000057	0.17657514745360392
2.3361118390000057	0.16973114949028595
2.3521118390000058	0.16699355030495874
2.3681118390000058	0.142355157637014
2.384111839000006	0.13824875885902324
2.400111839000006	0.17383754826827674
2.416111839000006	0.15878075274897718
2.432111839000006	0.16562475071229515
2.448111839000006	0.142355157637014
2.464111839000006	0.16562475071229515
2.480111839000006	0.16562475071229515
2.496111839000006	0.17246874867561313
2.512111839000006	0.16562475071229515
2.528111839000006	0.17383754826827674
2.544111839000006	0.1505679551929956
2.560111839000006	0.16425595111963157
2.576111839000006	0.149199155600332
2.592111839000006	0.149199155600332
2.608111839000006	0.149199155600332
2.624111839000006	0.149199155600332
2.640111839000006	0.1546743539709864
2.656111839000006	0.17246874867561313
2.672111839000006	0.13140476089570524
2.688111839000006	0.1546743539709864
2.704111839000006	0.16151835193430436
2.720111839000006	0.1464615564150048
2.736111839000006	0.149199155600332
2.752111839000006	0.16699355030495874
2.768111839000006	0.13961755845168683
2.784111839000006	0.12182316374706008
2.800111839000006	0.15604315356364998
2.816111839000006	0.14372395722967762
2.832111839000006	0.13140476089570524
2.848111839000006	0.1546743539709864
2.864111839000006	0.13003596130304165
2.8801118390000062	0.13140476089570524
2.8961118390000062	0.13961755845168683
2.9121118390000063	0.12866716171037806
2.9281118390000063	0.14372395722967762
2.9441118390000063	0.1546743539709864
2.9601118390000063	0.13824875885902324
2.9761118390000063	0.12866716171037806
2.9921118390000063	0.12045436415439648
3.0081118390000063	0.13414236008103245
3.0241118390000064	0.13824875885902324
3.0401118390000064	0.13277356048836886
3.0561118390000064	0.15193675478565918
3.0721118390000064	0.14098635804435042
3.0881118390000064	0.17383754826827674
3.1041118390000064	0.12319196333972367
3.1201118390000064	0.12729836211771445
3.1361118390000065	0.11908556456173289
3.1521118390000065	0.149199155600332
3.1681118390000065	0.1546743539709864
3.1841118390000065	0.1450927568223412
3.2001118390000065	0.14098635804435042
3.2161118390000065	0.13277356048836886
3.2321118390000065	0.13961755845168683
3.2481118390000066	0.13961755845168683
3.2641118390000066	0.16973114949028595
3.2801118390000066	0.142355157637014
3.2961118390000066	0.10539756863509692
3.3121118390000066	0.1464615564150048
3.3281118390000066	0.14372395722967762
3.3441118390000066	0.13961755845168683
3.3601118390000067	0.13961755845168683
3.3761118390000067	0.12866716171037806
3.3921118390000067	0.149199155600332
3.4081118390000067	0.12592956252505086
3.4241118390000067	0.1464615564150048
3.4401118390000067	0.13551115967369604
3.4561118390000067	0.11361036619107849
3.4721118390000067	0.11634796537640568
3.4881118390000068	0.13961755845168683
3.504111839000007	0.13140476089570524
3.520111839000007	0.13003596130304165
3.536111839000007	0.11634796537640568
3.552111839000007	0.13140476089570524
3.568111839000007	0.10539756863509692
3.584111839000007	0.10402876904243333
3.600111839000007	0.12182316374706008
3.616111839000007	0.13140476089570524
3.632111839000007	0.12592956252505086
3.648111839000007	0.11361036619107849
3.664111839000007	0.13277356048836886
3.680111839000007	0.11634796537640568
3.696111839000007	0.12045436415439648
3.712111839000007	0.12182316374706008
3.728111839000007	0.1108727670057513
3.744111839000007	0.13414236008103245
3.760111839000007	0.13551115967369604
3.776111839000007	0.11361036619107849
3.792111839000007	0.10813516782042411
3.808111839000007	0.1108727670057513
3.824111839000007	0.12592956252505086
3.840111839000007	0.12866716171037806
3.856111839000007	0.11634796537640568
3.872111839000007	0.10265996944976973
3.888111839000007	0.08760317393047017
3.904111839000007	0.10129116985710612
3.920111839000007	0.10813516782042411
3.936111839000007	0.10950396741308771
3.952111839000007	0.1108727670057513
3.968111839000007	0.11771676496906928
3.984111839000007	0.10539756863509692
