Channel A: 
Mode: 2
N1/T1: 257.62 µs
Channel B: 
Mode: 1
N2/T2: 257.62 µs
tau (ms)	g2 Values
-3.993717706	0.0
-3.989717706	0.0
-3.985717706	0.0
-3.981717706	0.0
-3.977717706	0.0
-3.973717706	0.0
-3.969717706	0.0
-3.965717706	0.0
-3.961717706	0.0
-3.957717706	0.0
-3.953717706	0.0
-3.949717706	0.0
-3.945717706	0.0
-3.941717706	0.0
-3.937717706	0.0
-3.933717706	0.0
-3.929717706	0.0
-3.925717706	0.0
-3.921717706	0.0
-3.917717706	0.0
-3.913717706	0.0
-3.909717706	0.0
-3.905717706	0.0
-3.901717706	0.0
-3.897717706	0.0
-3.893717706	0.0
-3.889717706	0.0
-3.885717706	0.0
-3.881717706	0.0
-3.877717706	0.0
-3.873717706	0.0
-3.869717706	0.0
-3.865717706	0.0
-3.861717706	0.0
-3.857717706	0.0
-3.853717706	0.0
-3.849717706	0.0
-3.845717706	0.0
-3.841717706	0.0
-3.837717706	0.0
-3.833717706	0.0
-3.829717706	0.0
-3.825717706	0.0
-3.821717706	0.0
-3.817717706	0.0
-3.813717706	0.0
-3.809717706	0.0
-3.805717706	0.0
-3.801717706	0.0
-3.797717706	0.0
-3.793717706	0.0
-3.789717706	0.0
-3.785717706	0.0
-3.781717706	0.0
-3.777717706	0.0
-3.773717706	0.0
-3.769717706	0.0
-3.7657177059999998	0.0
-3.7617177059999998	0.0
-3.7577177059999998	0.0
-3.7537177059999998	0.0
-3.7497177059999998	0.0
-3.7457177059999998	0.0
-3.7417177059999998	0.0
-3.7377177059999998	0.0
-3.7337177059999997	0.0
-3.7297177059999997	0.0
-3.7257177059999997	0.0
-3.7217177059999997	0.0
-3.7177177059999997	0.0
-3.7137177059999997	0.0
-3.7097177059999997	0.0
-3.7057177059999997	0.0
-3.7017177059999997	0.0
-3.6977177059999997	0.0
-3.6937177059999997	0.0
-3.6897177059999997	0.0
-3.6857177059999997	0.0
-3.6817177059999997	0.0
-3.6777177059999997	0.0
-3.6737177059999997	0.0
-3.6697177059999997	0.0
-3.6657177059999997	0.0
-3.6617177059999997	0.0
-3.6577177059999997	0.0
-3.6537177059999997	0.0
-3.6497177059999997	0.0
-3.6457177059999997	0.0
-3.6417177059999997	0.0
-3.6377177059999997	0.0
-3.6337177059999997	0.0
-3.6297177059999997	0.0
-3.6257177059999997	0.0
-3.6217177059999996	0.0
-3.6177177059999996	0.0
-3.6137177059999996	0.0
-3.6097177059999996	0.0
-3.6057177059999996	0.0
-3.6017177059999996	0.0
-3.5977177059999996	0.0
-3.5937177059999996	0.0
-3.5897177059999996	0.0
-3.5857177059999996	0.0
-3.5817177059999996	0.0
-3.5777177059999996	0.0
-3.5737177059999996	0.0
-3.5697177059999996	0.0
-3.5657177059999996	0.0
-3.5617177059999996	0.0
-3.5577177059999996	0.0
-3.5537177059999996	0.0
-3.5497177059999996	0.0
-3.5457177059999996	0.0
-3.5417177059999996	0.0
-3.5377177059999996	0.0
-3.5337177059999996	0.0
-3.5297177059999996	0.0
-3.5257177059999996	0.0
-3.5217177059999996	0.0
-3.5177177059999996	0.0
-3.5137177059999996	0.0
-3.5097177059999995	0.0
-3.5057177059999995	0.0
-3.5017177059999995	0.0
-3.4977177059999995	0.0
-3.4937177059999995	0.0
-3.4897177059999995	0.0
-3.4857177059999995	0.0
-3.4817177059999995	0.0
-3.4777177059999995	0.0
-3.4737177059999995	0.0
-3.4697177059999995	0.0
-3.4657177059999995	0.0
-3.4617177059999995	0.0
-3.4577177059999995	0.0
-3.4537177059999995	0.0
-3.4497177059999995	0.0
-3.4457177059999995	0.0
-3.4417177059999995	0.0
-3.4377177059999995	0.0
-3.4337177059999995	0.0
-3.4297177059999995	0.0
-3.4257177059999995	0.0
-3.4217177059999995	0.0
-3.4177177059999995	0.0
-3.4137177059999995	0.0
-3.4097177059999995	0.0
-3.4057177059999995	0.0
-3.4017177059999995	0.0
-3.3977177059999994	0.0
-3.3937177059999994	0.0
-3.3897177059999994	0.0
-3.3857177059999994	0.0
-3.3817177059999994	0.0
-3.3777177059999994	0.0
-3.3737177059999994	0.0
-3.3697177059999994	0.0
-3.3657177059999994	0.0
-3.3617177059999994	0.0
-3.3577177059999994	0.0
-3.3537177059999994	0.0
-3.3497177059999994	0.0
-3.3457177059999994	0.0
-3.3417177059999994	0.0
-3.3377177059999994	0.0
-3.3337177059999994	0.0
-3.3297177059999994	0.0
-3.3257177059999994	0.0
-3.3217177059999994	0.0
-3.3177177059999994	0.0
-3.3137177059999994	0.0
-3.3097177059999994	0.0
-3.3057177059999994	0.0
-3.3017177059999994	0.0
-3.2977177059999994	0.0
-3.2937177059999994	0.0
-3.2897177059999994	0.0
-3.2857177059999993	0.0
-3.2817177059999993	0.0
-3.2777177059999993	0.0
-3.2737177059999993	0.0
-3.2697177059999993	0.0
-3.2657177059999993	0.0
-3.2617177059999993	0.0
-3.2577177059999993	0.0
-3.2537177059999993	0.0
-3.2497177059999993	0.0
-3.2457177059999993	0.0
-3.2417177059999993	0.0
-3.2377177059999993	0.0
-3.2337177059999993	0.0
-3.2297177059999993	0.0
-3.2257177059999993	0.0
-3.2217177059999993	0.0
-3.2177177059999993	0.0
-3.2137177059999993	0.0
-3.2097177059999993	0.0
-3.2057177059999993	0.0
-3.2017177059999993	0.0
-3.1977177059999993	0.0
-3.1937177059999993	0.0
-3.1897177059999993	0.0
-3.1857177059999993	0.0
-3.1817177059999993	0.0
-3.1777177059999993	0.0
-3.1737177059999993	0.0
-3.1697177059999992	0.0
-3.1657177059999992	0.0
-3.1617177059999992	0.0
-3.1577177059999992	0.0
-3.1537177059999992	0.0
-3.1497177059999992	0.0
-3.1457177059999992	0.0
-3.141717705999999	0.0
-3.137717705999999	0.0
-3.133717705999999	0.0
-3.129717705999999	0.0
-3.125717705999999	0.0
-3.121717705999999	0.0
-3.117717705999999	0.0
-3.113717705999999	0.0
-3.109717705999999	0.0
-3.105717705999999	0.0
-3.101717705999999	0.0
-3.097717705999999	0.0
-3.093717705999999	0.0
-3.089717705999999	0.0
-3.085717705999999	0.0
-3.081717705999999	0.0
-3.077717705999999	0.0
-3.073717705999999	0.0
-3.069717705999999	0.0
-3.065717705999999	0.0
-3.061717705999999	0.0
-3.057717705999999	0.0
-3.053717705999999	0.0
-3.049717705999999	0.0
-3.045717705999999	0.0
-3.041717705999999	0.0
-3.037717705999999	0.0
-3.033717705999999	0.0
-3.029717705999999	0.0
-3.025717705999999	0.0
-3.021717705999999	0.0
-3.017717705999999	0.0
-3.013717705999999	0.0
-3.009717705999999	0.0
-3.005717705999999	0.0
-3.001717705999999	0.0
-2.997717705999999	0.0
-2.993717705999999	0.0
-2.989717705999999	0.0
-2.985717705999999	0.0
-2.981717705999999	0.0
-2.977717705999999	0.0
-2.973717705999999	0.0
-2.969717705999999	0.0
-2.965717705999999	0.0
-2.961717705999999	0.0
-2.957717705999999	0.0
-2.953717705999999	0.0
-2.949717705999999	0.0
-2.945717705999999	0.0
-2.941717705999999	0.0
-2.937717705999999	0.0
-2.933717705999999	0.0
-2.929717705999999	0.0
-2.925717705999999	0.0
-2.921717705999999	0.0
-2.917717705999999	0.0
-2.913717705999999	0.0
-2.909717705999999	0.0
-2.905717705999999	0.0
-2.901717705999999	0.0
-2.897717705999999	0.0
-2.893717705999999	0.0
-2.889717705999999	0.0
-2.885717705999999	0.0
-2.881717705999999	0.0
-2.877717705999999	0.0
-2.873717705999999	0.0
-2.869717705999999	0.0
-2.865717705999999	0.0
-2.861717705999999	0.0
-2.857717705999999	0.0
-2.853717705999999	0.0
-2.849717705999999	0.0
-2.845717705999999	0.0
-2.841717705999999	0.0
-2.837717705999999	0.0
-2.833717705999999	0.0
-2.829717705999999	0.0
-2.825717705999999	0.0
-2.821717705999999	0.0
-2.817717705999999	0.0
-2.813717705999999	0.0
-2.809717705999999	0.0
-2.805717705999999	0.0
-2.801717705999999	0.0
-2.797717705999999	0.0
-2.793717705999999	0.0
-2.789717705999999	0.0
-2.785717705999999	0.0
-2.781717705999999	0.0
-2.777717705999999	0.0
-2.773717705999999	0.0
-2.769717705999999	0.0
-2.765717705999999	0.0
-2.761717705999999	0.0
-2.757717705999999	0.0
-2.753717705999999	0.0
-2.749717705999999	0.0
-2.745717705999999	0.0
-2.741717705999999	0.0
-2.737717705999999	0.0
-2.733717705999999	0.0
-2.729717705999999	0.0
-2.725717705999999	0.0
-2.721717705999999	0.0
-2.717717705999999	0.0
-2.713717705999999	0.0
-2.709717705999999	0.0
-2.705717705999999	0.0
-2.701717705999999	0.0
-2.697717705999999	0.0
-2.693717705999999	0.0
-2.689717705999999	0.0
-2.685717705999999	0.0
-2.681717705999999	0.0
-2.677717705999999	0.0
-2.673717705999999	0.0
-2.669717705999999	0.0
-2.665717705999999	0.0
-2.661717705999999	0.0
-2.657717705999999	0.0
-2.653717705999999	0.0
-2.649717705999999	0.0
-2.645717705999999	0.0
-2.6417177059999988	0.0
-2.6377177059999988	0.0
-2.6337177059999988	0.0
-2.6297177059999988	0.0
-2.6257177059999988	0.0
-2.6217177059999988	0.0
-2.6177177059999988	0.0
-2.6137177059999988	0.0
-2.6097177059999987	0.0
-2.6057177059999987	0.0
-2.6017177059999987	0.0
-2.5977177059999987	0.0
-2.5937177059999987	0.0
-2.5897177059999987	0.0
-2.5857177059999987	0.0
-2.5817177059999987	0.0
-2.5777177059999987	0.0
-2.5737177059999987	0.0
-2.5697177059999987	0.0
-2.5657177059999987	0.0
-2.5617177059999987	0.0
-2.5577177059999987	0.0
-2.5537177059999987	0.0
-2.5497177059999987	0.0
-2.5457177059999987	0.0
-2.5417177059999987	0.0
-2.5377177059999987	0.0
-2.5337177059999987	0.0
-2.5297177059999987	0.0
-2.5257177059999987	0.0
-2.5217177059999987	0.0
-2.5177177059999987	0.0
-2.5137177059999987	0.0
-2.5097177059999987	0.0
-2.5057177059999987	0.0
-2.5017177059999987	0.0
-2.4977177059999986	0.0
-2.4937177059999986	0.0
-2.4897177059999986	0.0
-2.4857177059999986	0.0
-2.4817177059999986	0.0
-2.4777177059999986	0.0
-2.4737177059999986	0.0
-2.4697177059999986	0.0
-2.4657177059999986	0.0
-2.4617177059999986	0.0
-2.4577177059999986	0.0
-2.4537177059999986	0.0
-2.4497177059999986	0.0
-2.4457177059999986	0.0
-2.4417177059999986	0.0
-2.4377177059999986	0.0
-2.4337177059999986	0.0
-2.4297177059999986	0.0
-2.4257177059999986	0.0
-2.4217177059999986	0.0
-2.4177177059999986	0.0
-2.4137177059999986	0.0
-2.4097177059999986	0.0
-2.4057177059999986	0.0
-2.4017177059999986	0.0
-2.3977177059999986	0.0
-2.3937177059999986	0.0
-2.3897177059999986	0.0
-2.3857177059999986	0.0
-2.3817177059999985	0.0
-2.3777177059999985	0.0
-2.3737177059999985	0.0
-2.3697177059999985	0.0
-2.3657177059999985	0.0
-2.3617177059999985	0.0
-2.3577177059999985	0.0
-2.3537177059999985	0.0
-2.3497177059999985	0.0
-2.3457177059999985	0.0
-2.3417177059999985	0.0
-2.3377177059999985	0.0
-2.3337177059999985	0.0
-2.3297177059999985	0.0
-2.3257177059999985	0.0
-2.3217177059999985	0.0
-2.3177177059999985	0.0
-2.3137177059999985	0.0
-2.3097177059999985	0.0
-2.3057177059999985	0.0
-2.3017177059999985	0.0
-2.2977177059999985	0.0
-2.2937177059999985	0.0
-2.2897177059999985	0.0
-2.2857177059999985	0.0
-2.2817177059999985	0.0
-2.2777177059999985	0.0
-2.2737177059999985	0.0
-2.2697177059999984	0.0
-2.2657177059999984	0.0
-2.2617177059999984	0.0
-2.2577177059999984	0.0
-2.2537177059999984	0.0
-2.2497177059999984	0.0
-2.2457177059999984	0.0
-2.2417177059999984	0.0
-2.2377177059999984	0.0
-2.2337177059999984	0.0
-2.2297177059999984	0.0
-2.2257177059999984	0.0
-2.2217177059999984	0.0
-2.2177177059999984	0.0
-2.2137177059999984	0.0
-2.2097177059999984	0.0
-2.2057177059999984	0.0
-2.2017177059999984	0.0
-2.1977177059999984	0.0
-2.1937177059999984	0.0
-2.1897177059999984	0.0
-2.1857177059999984	0.0
-2.1817177059999984	0.0
-2.1777177059999984	0.0
-2.1737177059999984	0.0
-2.1697177059999984	0.0
-2.1657177059999984	0.0
-2.1617177059999984	0.0
-2.1577177059999983	0.0
-2.1537177059999983	0.0
-2.1497177059999983	0.0
-2.1457177059999983	0.0
-2.1417177059999983	0.0
-2.1377177059999983	0.0
-2.1337177059999983	0.0
-2.1297177059999983	0.0
-2.1257177059999983	0.0
-2.1217177059999983	0.0
-2.1177177059999983	0.0
-2.1137177059999983	0.0
-2.1097177059999983	0.0
-2.1057177059999983	0.0
-2.1017177059999983	0.0
-2.0977177059999983	0.0
-2.0937177059999983	0.0
-2.0897177059999983	0.0
-2.0857177059999983	0.0
-2.0817177059999983	0.0
-2.0777177059999983	0.0
-2.0737177059999983	0.0
-2.0697177059999983	0.0
-2.0657177059999983	0.0
-2.0617177059999983	0.0
-2.0577177059999983	0.0
-2.0537177059999983	0.0
-2.0497177059999983	0.0
-2.0457177059999982	0.0
-2.0417177059999982	0.0
-2.0377177059999982	0.0
-2.0337177059999982	0.0
-2.0297177059999982	0.0
-2.0257177059999982	0.0
-2.0217177059999982	0.0
-2.0177177059999982	0.0
-2.013717705999998	0.0
-2.009717705999998	0.0
-2.005717705999998	0.0
-2.001717705999998	0.0
-1.9977177059999982	0.0
-1.9937177059999982	0.0
-1.9897177059999982	0.0
-1.9857177059999982	0.0
-1.9817177059999982	0.0
-1.9777177059999982	0.0
-1.9737177059999982	0.0
-1.9697177059999982	0.0
-1.9657177059999982	0.0
-1.9617177059999982	0.0
-1.9577177059999982	0.0
-1.9537177059999982	0.0
-1.9497177059999982	0.0
-1.9457177059999982	0.0
-1.9417177059999982	0.0
-1.9377177059999982	0.0
-1.9337177059999981	0.0
-1.9297177059999981	0.0
-1.9257177059999981	0.0
-1.9217177059999981	0.0
-1.9177177059999981	0.0
-1.9137177059999981	0.0
-1.9097177059999981	0.0
-1.9057177059999981	0.0
-1.9017177059999981	0.0
-1.8977177059999981	0.0
-1.8937177059999981	0.0
-1.889717705999998	0.0
-1.885717705999998	0.0
-1.881717705999998	0.0
-1.877717705999998	0.0
-1.873717705999998	0.0
-1.869717705999998	0.0
-1.865717705999998	0.0
-1.861717705999998	0.0
-1.857717705999998	0.0
-1.853717705999998	0.0
-1.849717705999998	0.0
-1.845717705999998	0.0
-1.841717705999998	0.0
-1.837717705999998	0.0
-1.833717705999998	0.0
-1.829717705999998	0.0
-1.825717705999998	0.0
-1.821717705999998	0.0
-1.817717705999998	0.0
-1.813717705999998	0.0
-1.809717705999998	0.0
-1.805717705999998	0.0
-1.801717705999998	0.0
-1.797717705999998	0.0
-1.793717705999998	0.0
-1.789717705999998	0.0
-1.785717705999998	0.0
-1.781717705999998	0.0
-1.777717705999998	0.0
-1.773717705999998	0.0
-1.769717705999998	0.0
-1.765717705999998	0.0
-1.761717705999998	0.0
-1.757717705999998	0.0
-1.753717705999998	0.0
-1.749717705999998	0.0
-1.745717705999998	0.0
-1.741717705999998	0.0
-1.737717705999998	0.0
-1.733717705999998	0.0
-1.729717705999998	0.0
-1.725717705999998	0.0
-1.721717705999998	0.0
-1.717717705999998	0.0
-1.713717705999998	0.0
-1.709717705999998	0.0
-1.705717705999998	0.0
-1.701717705999998	0.0
-1.697717705999998	0.0
-1.693717705999998	0.0
-1.689717705999998	0.0
-1.685717705999998	0.0
-1.681717705999998	0.0
-1.677717705999998	0.0
-1.673717705999998	0.0
-1.669717705999998	0.0
-1.665717705999998	0.0
-1.661717705999998	0.0
-1.657717705999998	0.0
-1.653717705999998	0.0
-1.649717705999998	0.0
-1.645717705999998	0.0
-1.641717705999998	0.0
-1.6377177059999979	0.0
-1.6337177059999979	0.0
-1.6297177059999979	0.0
-1.6257177059999979	0.0
-1.6217177059999979	0.0
-1.6177177059999979	0.0
-1.6137177059999979	0.0
-1.6097177059999979	0.0
-1.6057177059999979	0.0
-1.6017177059999979	0.0
-1.5977177059999979	0.0
-1.5937177059999978	0.0
-1.5897177059999978	0.0
-1.5857177059999978	0.0
-1.5817177059999978	0.0
-1.5777177059999978	0.0
-1.5737177059999978	0.0
-1.5697177059999978	0.0
-1.5657177059999978	0.0
-1.5617177059999978	0.0
-1.5577177059999978	0.0
-1.5537177059999978	0.0
-1.5497177059999978	0.0
-1.5457177059999978	0.0
-1.5417177059999978	0.0
-1.5377177059999978	0.0
-1.5337177059999978	0.0
-1.5297177059999978	0.0
-1.5257177059999978	0.0
-1.5217177059999978	0.0
-1.5177177059999978	0.0
-1.5137177059999978	0.0
-1.5097177059999978	0.0
-1.5057177059999978	0.0
-1.5017177059999978	0.0
-1.4977177059999978	0.0
-1.4937177059999978	0.0
-1.4897177059999978	0.0
-1.4857177059999978	0.0
-1.4817177059999977	0.0
-1.4777177059999977	0.0
-1.4737177059999977	0.0
-1.4697177059999977	0.0
-1.4657177059999977	0.0
-1.4617177059999977	0.0
-1.4577177059999977	0.0
-1.4537177059999977	0.0
-1.4497177059999977	0.0
-1.4457177059999977	0.0
-1.4417177059999977	0.0
-1.4377177059999977	0.0
-1.4337177059999977	0.0
-1.4297177059999977	0.0
-1.4257177059999977	0.0
-1.4217177059999977	0.0
-1.4177177059999977	0.0
-1.4137177059999977	0.0
-1.4097177059999977	0.0
-1.4057177059999977	0.0
-1.4017177059999977	0.0
-1.3977177059999977	0.0
-1.3937177059999977	0.0
-1.3897177059999977	0.0
-1.3857177059999977	0.0
-1.3817177059999977	0.0
-1.3777177059999977	0.0
-1.3737177059999977	0.0
-1.3697177059999976	0.0
-1.3657177059999976	0.0
-1.3617177059999976	0.0
-1.3577177059999976	0.0
-1.3537177059999976	0.0
-1.3497177059999976	0.0
-1.3457177059999976	0.0
-1.3417177059999976	0.0
-1.3377177059999976	0.0
-1.3337177059999976	0.0
-1.3297177059999976	0.0
-1.3257177059999976	0.0
-1.3217177059999976	0.0
-1.3177177059999976	0.0
-1.3137177059999976	0.0
-1.3097177059999976	0.0
-1.3057177059999976	0.0
-1.3017177059999976	0.0
-1.2977177059999976	0.0
-1.2937177059999976	0.0
-1.2897177059999976	0.0
-1.2857177059999976	0.0
-1.2817177059999976	0.0
-1.2777177059999976	0.0
-1.2737177059999976	0.0
-1.2697177059999976	0.0
-1.2657177059999976	0.0
-1.2617177059999976	0.0
-1.2577177059999975	0.0
-1.2537177059999975	0.0
-1.2497177059999975	0.0
-1.2457177059999975	0.0
-1.2417177059999975	0.0
-1.2377177059999975	0.0
-1.2337177059999975	0.0
-1.2297177059999975	0.0
-1.2257177059999975	0.0
-1.2217177059999975	0.0
-1.2177177059999975	0.0
-1.2137177059999975	0.0
-1.2097177059999975	0.0
-1.2057177059999975	0.0
-1.2017177059999975	0.0
-1.1977177059999975	0.0
-1.1937177059999975	0.0
-1.1897177059999975	0.0
-1.1857177059999975	0.0
-1.1817177059999975	0.0
-1.1777177059999975	0.0
-1.1737177059999975	0.0
-1.1697177059999975	0.0
-1.1657177059999975	0.0
-1.1617177059999975	0.0
-1.1577177059999975	0.0
-1.1537177059999975	0.0
-1.1497177059999975	0.0
-1.1457177059999974	0.0
-1.1417177059999974	0.0
-1.1377177059999974	0.0
-1.1337177059999974	0.0
-1.1297177059999974	0.0
-1.1257177059999974	0.0
-1.1217177059999974	0.0
-1.1177177059999974	0.0
-1.1137177059999974	0.0
-1.1097177059999974	0.0
-1.1057177059999974	0.0
-1.1017177059999974	0.0
-1.0977177059999974	0.0
-1.0937177059999974	0.0
-1.0897177059999974	0.0
-1.0857177059999974	0.0
-1.0817177059999974	0.0
-1.0777177059999974	0.0
-1.0737177059999974	0.0
-1.0697177059999974	0.0
-1.0657177059999974	0.0
-1.0617177059999974	0.0
-1.0577177059999974	0.0
-1.0537177059999974	0.0
-1.0497177059999974	0.0
-1.0457177059999974	0.0
-1.0417177059999974	0.0
-1.0377177059999974	0.0
-1.0337177059999973	0.0
-1.0297177059999973	0.0
-1.0257177059999973	0.0
-1.0217177059999973	0.0
-1.0177177059999973	0.0
-1.0137177059999973	0.0
-1.0097177059999973	0.0
-1.0057177059999973	0.0
-1.0017177059999973	0.0
-0.9977177059999973	0.0
-0.9937177059999973	0.0
-0.9897177059999973	0.0
-0.9857177059999973	0.0
-0.9817177059999973	0.0
-0.9777177059999973	0.0
-0.9737177059999973	0.0
-0.9697177059999973	0.0
-0.9657177059999973	0.0
-0.9617177059999973	0.0
-0.9577177059999973	0.0
-0.9537177059999973	0.0
-0.9497177059999973	0.0
-0.9457177059999973	0.0
-0.9417177059999973	0.0
-0.9377177059999973	0.0
-0.9337177059999973	0.0
-0.9297177059999973	0.0
-0.9257177059999973	0.0
-0.9217177059999972	0.0
-0.9177177059999972	0.0
-0.9137177059999972	0.0
-0.9097177059999972	0.0
-0.9057177059999972	0.0
-0.9017177059999972	0.0
-0.8977177059999972	0.0
-0.8937177059999972	0.0
-0.8897177059999972	0.0
-0.8857177059999972	0.0
-0.8817177059999972	0.0
-0.8777177059999972	0.0
-0.8737177059999972	0.0
-0.8697177059999972	0.0
-0.8657177059999972	0.0
-0.8617177059999972	0.0
-0.8577177059999972	0.0
-0.8537177059999972	0.0
-0.8497177059999972	0.0
-0.8457177059999972	0.0
-0.8417177059999972	0.0
-0.8377177059999972	0.0
-0.8337177059999972	0.0
-0.8297177059999972	0.0
-0.8257177059999972	0.0
-0.8217177059999972	0.0
-0.8177177059999972	0.0
-0.8137177059999972	0.0
-0.8097177059999972	0.0
-0.8057177059999971	0.0
-0.8017177059999971	0.0
-0.7977177059999971	0.0
-0.7937177059999971	0.0
-0.7897177059999971	0.0
-0.7857177059999971	0.0
-0.7817177059999971	0.0
-0.7777177059999971	0.0
-0.7737177059999971	0.0
-0.7697177059999971	0.0
-0.7657177059999971	0.0
-0.7617177059999971	0.0
-0.7577177059999971	0.0
-0.7537177059999971	0.0
-0.7497177059999971	0.0
-0.7457177059999971	0.0
-0.7417177059999971	0.0
-0.7377177059999971	0.0
-0.7337177059999971	0.0
-0.7297177059999971	0.0
-0.7257177059999971	0.0
-0.7217177059999971	0.0
-0.7177177059999971	0.0
-0.7137177059999971	0.0
-0.7097177059999971	0.0
-0.7057177059999971	0.0
-0.701717705999997	0.0
-0.697717705999997	0.0
-0.693717705999997	0.0
-0.689717705999997	0.0
-0.685717705999997	0.0
-0.681717705999997	0.0
-0.677717705999997	0.0
-0.673717705999997	0.0
-0.669717705999997	0.0
-0.665717705999997	0.0
-0.661717705999997	0.0
-0.657717705999997	0.0
-0.653717705999997	0.0
-0.649717705999997	0.0
-0.645717705999997	0.0
-0.641717705999997	0.0
-0.637717705999997	0.0
-0.633717705999997	0.0
-0.629717705999997	0.0
-0.625717705999997	0.0
-0.621717705999997	0.0
-0.617717705999997	0.0
-0.613717705999997	0.0
-0.609717705999997	0.0
-0.605717705999997	0.0
-0.601717705999997	0.0
-0.597717705999997	0.0
-0.593717705999997	0.0
-0.589717705999997	0.0
-0.585717705999997	0.0
-0.581717705999997	0.0
-0.5777177059999969	0.0
-0.5737177059999969	0.0
-0.5697177059999969	0.0
-0.5657177059999969	0.0
-0.5617177059999969	0.0
-0.5577177059999969	0.0
-0.5537177059999969	0.0
-0.5497177059999969	0.0
-0.5457177059999969	0.0
-0.5417177059999969	0.0
-0.5377177059999969	0.0
-0.5337177059999969	0.0
-0.5297177059999969	0.0
-0.5257177059999969	0.0
-0.5217177059999969	0.0
-0.5177177059999969	0.0
-0.5137177059999969	0.0
-0.5097177059999969	0.0
-0.5057177059999969	0.0
-0.5017177059999969	0.0
-0.4977177059999969	0.0
-0.49371770599999687	0.0
-0.48971770599999687	0.0
-0.48571770599999686	0.0
-0.48171770599999686	0.0
-0.47771770599999686	0.0
-0.47371770599999685	0.0
-0.46971770599999685	0.0
-0.46571770599999684	0.0
-0.46171770599999684	0.0
-0.45771770599999684	0.0
-0.45371770599999683	0.0
-0.44971770599999683	0.0
-0.4457177059999968	0.0
-0.4417177059999968	0.0
-0.4377177059999968	0.0
-0.4337177059999968	0.0
-0.4297177059999968	0.0
-0.4257177059999968	0.0
-0.4217177059999968	0.0
-0.4177177059999968	0.0
-0.4137177059999968	0.0
-0.4097177059999968	0.0
-0.4057177059999968	0.0
-0.4017177059999968	0.0
-0.3977177059999968	0.0
-0.3937177059999968	0.0
-0.3897177059999968	0.0
-0.3857177059999968	0.0
-0.38171770599999677	0.0
-0.37771770599999677	0.0
-0.37371770599999676	0.0
-0.36971770599999676	0.0
-0.36571770599999676	0.0
-0.36171770599999675	0.0
-0.35771770599999675	0.0
-0.35371770599999675	0.0
-0.34971770599999674	0.0
-0.34571770599999674	0.0
-0.34171770599999673	0.0
-0.33771770599999673	0.0
-0.3337177059999967	0.0
-0.3297177059999967	0.0
-0.3257177059999967	0.0
-0.3217177059999967	0.0
-0.3177177059999967	0.0
-0.3137177059999967	0.0
-0.3097177059999967	0.0
-0.3057177059999967	0.0
-0.3017177059999967	0.0
-0.2977177059999967	0.0
-0.2937177059999967	0.0
-0.2897177059999967	0.0
-0.2857177059999967	0.0
-0.2817177059999967	0.0
-0.2777177059999967	0.0
-0.2737177059999967	0.0
-0.26971770599999667	0.0
-0.26571770599999667	0.0
-0.26171770599999666	0.0
-0.25771770599999666	0.0
-0.25371770599999666	0.0
-0.24971770599999665	0.0
-0.24571770599999665	0.0
-0.24171770599999665	0.0
-0.23771770599999664	0.0
-0.23371770599999664	0.0
-0.22971770599999664	0.0
-0.22571770599999663	0.0
-0.22171770599999663	0.0
-0.21771770599999662	0.0
-0.21371770599999662	0.0
-0.20971770599999662	0.0
-0.20571770599999661	0.0
-0.2017177059999966	0.0
-0.1977177059999966	0.0
-0.1937177059999966	0.0
-0.1897177059999966	0.0
-0.1857177059999966	0.0
-0.1817177059999966	0.0
-0.1777177059999966	0.0
-0.17371770599999659	0.0
-0.16971770599999658	0.0
-0.16571770599999658	0.0
-0.16171770599999657	0.0
-0.15771770599999657	0.0
-0.15371770599999657	0.0
-0.14971770599999656	0.0
-0.14571770599999656	0.0
-0.14171770599999656	0.0
-0.13771770599999655	0.0
-0.13371770599999655	0.0
-0.12971770599999655	0.0
-0.12571770599999654	0.0
-0.12171770599999654	0.0
-0.11771770599999654	0.0
-0.11371770599999653	0.0
-0.10971770599999653	0.0
-0.10571770599999653	0.0
-0.10171770599999652	0.0
-0.09771770599999652	0.0
-0.09371770599999651	0.0
-0.08971770599999651	0.0
-0.08571770599999651	0.0
-0.0817177059999965	0.0
-0.0777177059999965	0.0
-0.0737177059999965	0.0
-0.0697177059999965	0.0
-0.06571770599999649	0.0
-0.061717705999996486	0.0
-0.05771770599999648	0.0
-0.05371770599999648	0.0
-0.049717705999996475	0.0
-0.04571770599999647	0.0
-0.04171770599999647	0.0
-0.037717705999996465	0.0
-0.03371770599999646	0.0
-0.029717705999996458	0.0
-0.025717705999996454	0.0
-0.02171770599999645	0.0
-0.017717705999996447	0.0
-0.013717705999996443	0.0
-0.00971770599999644	0.0
-0.005717705999996436	0.0
-0.0017177059999964328	0.0035975045465789415
0.0022822940000035707	0.07399311820494466
0.006282294000003574	0.06981823638545798
0.010282294000003134	0.06857465456688748
0.014282294000003581	0.06968499547632542
0.01828229400000403	0.07021795911285564
0.02228229400000359	0.06755314093020456
0.026282294000003148	0.07168360911331373
0.030282294000003596	0.07035120002198819
0.03428229400000404	0.0718612636588238
0.0382822940000036	0.07261629547724159
0.04228229400000316	0.07297160456826174
0.04628229400000361	0.07190567729520131
0.05028229400000406	0.07004030456734557
0.05428229400000362	0.06977382274908046
0.058282294000003176	0.07323808638652685
0.062282294000003624	0.06995147729459053
0.06628229400000407	0.07101740456765096
0.07028229400000363	0.07226098638622146
0.07428229400000319	0.07008471820372308
0.07828229400000364	0.07057326820387579
0.08228229400000409	0.07141712729504862
0.08628229400000365	0.07199450456795635
0.0902822940000032	0.07199450456795635
0.09428229400000365	0.06999589093096804
0.0982822940000041	0.07221657274984394
0.10228229400000366	0.07323808638652685
0.10628229400000322	0.07159478184055869
0.11028229400000367	0.07115064547678351
0.11428229400000411	0.068619068203265
0.11828229400000367	0.07226098638622146
0.12228229400000323	0.07261629547724159
0.12628229400000368	0.07323808638652685
0.13028229400000413	0.07306043184101678
0.1342822940000037	0.07292719093188423
0.13828229400000325	0.07248305456810905
0.1422822940000037	0.07354898184116947
0.14628229400000414	0.07168360911331373
0.1502822940000037	0.06968499547632542
0.15428229400000326	0.07004030456734557
0.1582822940000037	0.07030678638561068
0.16228229400000416	0.06955175456719287
0.16628229400000372	0.07066209547663081
0.17028229400000328	0.06955175456719287
0.17428229400000372	0.07066209547663081
0.17828229400000417	0.07310484547739429
0.18228229400000373	0.07297160456826174
0.1862822940000033	0.06986265002183549
0.19028229400000374	0.07168360911331373
0.19428229400000419	0.07328250002290436
0.19828229400000374	0.0701291318401006
0.2022822940000033	0.07266070911361912
0.20628229400000375	0.07083975002214088
0.2102822940000042	0.07048444093112075
0.21428229400000376	0.07346015456841444
0.21828229400000332	0.06946292729443783
0.22228229400000377	0.07070650911300833
0.2262822940000042	0.06866348183964252
0.23028229400000377	0.06546570002046123
0.23428229400000333	0.06884113638515259
0.23828229400000378	0.0721277454770889
0.24228229400000423	0.07354898184116947
0.2462822940000038	0.07346015456841444
0.25028229400000335	0.07083975002214088
0.2542822940000038	0.07075092274938585
0.25828229400000424	0.07146154093142613
0.2622822940000038	0.07146154093142613
0.26628229400000336	0.0721277454770889
0.2702822940000038	0.07248305456810905
0.27428229400000426	0.07434842729596479
0.2782822940000038	0.07097299093127343
0.2822822940000034	0.06924085911255025
0.2862822940000038	0.06857465456688748
0.29028229400000427	0.06821934547586733
0.29428229400000383	0.07266070911361912
0.2982822940000034	0.06972940911270294
0.30228229400000384	0.07283836365912918
0.3062822940000043	0.07226098638622146
0.31028229400000384	0.07106181820402847
0.3142822940000034	0.06670928183903173
0.31828229400000385	0.06999589093096804
0.3222822940000043	0.07328250002290436
0.32628229400000386	0.06977382274908046
0.3302822940000034	0.07230540002259897
0.33428229400000387	0.068619068203265
0.3382822940000043	0.07226098638622146
0.3422822940000039	0.06759755456658209
0.34628229400000343	0.06941851365806032
0.3502822940000039	0.07306043184101678
0.3542822940000043	0.06870789547602003
0.3582822940000039	0.07044002729474323
0.36228229400000345	0.07128388638591607
0.3662822940000039	0.06804169093035727
0.37028229400000434	0.06924085911255025
0.3742822940000039	0.06821934547586733
0.37828229400000346	0.07203891820433386
0.3822822940000039	0.06946292729443783
0.38628229400000436	0.06835258638499989
0.3902822940000039	0.06848582729413244
0.3942822940000035	0.06950734093081536
0.3982822940000039	0.06981823638545798
0.40228229400000437	0.07070650911300833
0.40628229400000393	0.07123947274953854
0.4102822940000035	0.06919644547617272
0.41428229400000394	0.06959616820357038
0.4182822940000044	0.06924085911255025
0.42228229400000394	0.06639838638438911
0.4262822940000035	0.0691076182034177
0.43028229400000395	0.06768638183933712
0.4342822940000044	0.06986265002183549
0.43828229400000396	0.06981823638545798
0.4422822940000035	0.06901879093066265
0.44628229400000397	0.07044002729474323
0.4502822940000044	0.06795286365760222
0.45428229400000397	0.06795286365760222
0.45828229400000353	0.07115064547678351
0.462282294000004	0.0701291318401006
0.4662822940000044	0.06320060456520782
0.470282294000004	0.0676419682029596
0.47428229400000355	0.068619068203265
0.478282294000004	0.0656433545659713
0.48228229400000444	0.06484390911117598
0.486282294000004	0.0701291318401006
0.49028229400000356	0.06995147729459053
0.494282294000004	0.06839700002137741
0.49828229400000446	0.0678640363848472
0.502282294000004	0.06559894092959379
0.5062822940000036	0.06719783183918443
0.510282294000004	0.06795286365760222
0.5142822940000045	0.06795286365760222
0.518282294000004	0.06679810911178677
0.5222822940000036	0.06422211820189073
0.526282294000004	0.06741990002107201
0.5302822940000045	0.06617631820250151
0.534282294000004	0.06479949547479846
0.5382822940000036	0.06559894092959379
0.542282294000004	0.06702017729367435
0.5462822940000045	0.06408887729275818
0.5502822940000041	0.06573218183872634
0.5542822940000036	0.0678640363848472
0.5582822940000041	0.0703956136583657
0.5622822940000045	0.06586542274785889
0.5662822940000041	0.06426653183826825
0.5702822940000036	0.06542128638408372
0.5742822940000041	0.06622073183887904
0.5782822940000045	0.06457742729291088
0.5822822940000041	0.0648883227475535
0.5862822940000036	0.063644740928983
0.5902822940000041	0.06293412274694271
0.5942822940000045	0.06311177729245279
0.5982822940000041	0.060757854564444345
0.6022822940000037	0.062223504564902436
0.6062822940000041	0.06351150001985045
0.6102822940000046	0.06129081820097456
0.6142822940000041	0.06093550910995442
0.6182822940000037	0.06799727729397975
0.6222822940000041	0.0616461272919947
0.6262822940000046	0.059736340927761436
0.6302822940000041	0.06155730001923967
0.6342822940000037	0.06626514547525655
0.6382822940000041	0.060713440928066825
0.6422822940000046	0.061823781837504775
0.6462822940000041	0.058359518200058386
0.6502822940000037	0.0624011591104125
0.6542822940000041	0.06115757729184201
0.6582822940000046	0.06155730001923967
0.6622822940000042	0.06124640456459704
0.6662822940000037	0.06204585001939236
0.6702822940000042	0.0596475136550064
0.6742822940000046	0.0608910954735769
0.6782822940000042	0.058981309109343634
0.6822822940000037	0.06115757729184201
0.6862822940000042	0.061113163655464486
0.6902822940000046	0.05991399547327151
0.6942822940000042	0.05960310001862888
0.6982822940000037	0.06018047729153662
0.7022822940000042	0.05955868638225136
0.7062822940000046	0.06155730001923967
0.7102822940000042	0.0596475136550064
0.7142822940000038	0.056938281835977815
0.7182822940000042	0.06018047729153662
0.7222822940000047	0.05707152274511037
0.7262822940000042	0.060446959109801725
0.7302822940000038	0.057915381836283204
0.7342822940000042	0.059336618200363775
0.7382822940000047	0.06031371820066917
0.7422822940000042	0.05702710910873285
0.7462822940000038	0.05538380456276469
0.7502822940000042	0.057338004563375476
0.7542822940000047	0.05600559547204994
0.7582822940000042	0.061823781837504775
0.7622822940000038	0.060713440928066825
0.7662822940000042	0.0571603500178654
0.7702822940000047	0.05822627729092583
0.7742822940000043	0.059736340927761436
0.7782822940000038	0.05578352729016235
0.7822822940000043	0.0556502863810298
0.7862822940000047	0.05502849547174455
0.7902822940000043	0.05778214092715065
0.7942822940000038	0.05538380456276469
0.7982822940000043	0.053163122743888805
0.8022822940000047	0.05773772729077314
0.8062822940000043	0.05200836819807334
0.8102822940000038	0.05320753638026632
0.8142822940000043	0.054140222744194194
0.8182822940000047	0.05387374092592909
0.8222822940000043	0.05582794092653987
0.8262822940000039	0.053118709107511285
0.8302822940000043	0.052763400016491144
0.8342822940000048	0.05178630001618575
0.8382822940000043	0.0528966409256237
0.8422822940000039	0.052763400016491144
0.8462822940000043	0.05156423183429816
0.8502822940000048	0.0528966409256237
0.8542822940000043	0.052141609107205895
0.8582822940000039	0.05427346365332675
0.8622822940000043	0.05200836819807334
0.8662822940000048	0.05200836819807334
0.8702822940000043	0.053562845471286466
0.8742822940000039	0.05125333637965554
0.8782822940000043	0.052718986380113624
0.8822822940000048	0.050098581833840077
0.8862822940000044	0.05187512728894079
0.8902822940000039	0.05089802728863539
0.8942822940000044	0.050675959106747805
0.8982822940000048	0.05129775001603305
0.9022822940000044	0.05098685456139043
0.9062822940000039	0.04818879546960681
0.9102822940000044	0.04774465910583163
0.9142822940000048	0.0511645091069005
0.9182822940000044	0.04707845456016886
0.9222822940000039	0.04849969092424943
0.9262822940000044	0.0491658954699122
0.9302822940000048	0.04956561819730986
0.9342822940000044	0.04778907274220915
0.938282294000004	0.047611418196699076
0.9422822940000044	0.04734493637843397
0.9462822940000049	0.04894382728802461
0.9502822940000044	0.04734493637843397
0.954282294000004	0.046856386378281274
0.9582822940000044	0.04556839092333326
0.9622822940000049	0.04632342274175106
0.9662822940000044	0.047211695469301415
0.970282294000004	0.045479563650578224
0.9742822940000044	0.04494660001404801
0.9782822940000049	0.04512425455955808
0.9822822940000044	0.04681197274190376
0.986282294000004	0.04539073637782319
0.9902822940000044	0.044813359104915455
0.9942822940000049	0.045435150014200704
0.9982822940000045	0.04263709092241708
1.002282294000004	0.046856386378281274
1.0062822940000045	0.04428039546838524
1.010282294000005	0.04561280455971078
1.0142822940000045	0.04401391365012014
1.018282294000004	0.04503542728680304
1.0222822940000045	0.04530190910506815
1.026282294000005	0.04401391365012014
1.0302822940000045	0.041171440921959
1.034282294000004	0.04365860455909999
1.0382822940000045	0.04263709092241708
1.042282294000005	0.04325888183170233
1.0462822940000045	0.041349095467469066
1.050282294000004	0.04179323183124425
1.0542822940000045	0.04254826364966205
1.058282294000005	0.043036813649814744
1.0622822940000045	0.04285915910430468
1.066282294000004	0.042415022740529496
1.0702822940000045	0.042370609104151975
1.074282294000005	0.03975020455787843
1.0782822940000045	0.04152675001297914
1.082282294000004	0.04130468183109155
1.0862822940000045	0.04112702728558148
1.090282294000005	0.039261654557725734
1.0942822940000045	0.03784041819364516
1.098282294000004	0.041349095467469066
1.1022822940000045	0.037529522739002535
1.106282294000005	0.03841779546655289
1.1102822940000046	0.037618350011757576
1.1142822940000041	0.03770717728451261
1.1182822940000046	0.03797365910277772
1.122282294000005	0.03788483183002268
1.1262822940000046	0.037529522739002535
1.1302822940000041	0.038240140921042824
1.1342822940000046	0.03775159092089013
1.138282294000005	0.036552422738697146
1.1422822940000046	0.03406525910155615
1.1462822940000041	0.03610828637492197
1.1502822940000046	0.03699655910247233
1.154282294000005	0.03850662273930793
1.1582822940000046	0.03610828637492197
1.1622822940000042	0.03553090910201424
1.1662822940000046	0.03535325455650416
1.170282294000005	0.0366856636478297
1.1742822940000046	0.03535325455650416
1.1782822940000042	0.03490911819272899
1.1822822940000046	0.03242195455558799
1.186282294000005	0.03570856364752431
1.1902822940000046	0.03397643182880111
1.1942822940000042	0.034154086374311186
1.1982822940000046	0.033798777283291045
1.202282294000005	0.03357670910140345
1.2062822940000046	0.033754363646913525
1.2102822940000042	0.033754363646913525
1.2142822940000046	0.032333127282832955
1.218282294000005	0.03397643182880111
1.2222822940000047	0.03331022728313835
1.2262822940000042	0.03504235910186154
1.2302822940000047	0.03357670910140345
1.234282294000005	0.031711336373547706
1.2382822940000047	0.030956304555129904
1.2422822940000042	0.032688436373853096
1.2462822940000047	0.030556581827732243
1.2502822940000051	0.030734236373242314
1.2542822940000047	0.03224430001007792
1.2582822940000042	0.030334513645844656
1.2622822940000047	0.03046775455497721
1.2662822940000051	0.030290100009467136
1.2702822940000047	0.03046775455497721
1.2742822940000043	0.029845963645691958
1.2782822940000047	0.02940182728191678
1.2822822940000052	0.03126720000977253
1.2862822940000047	0.028069418190591246
1.2902822940000043	0.03064540910048728
1.2942822940000047	0.029712722736559408
1.2982822940000052	0.029757136372936924
1.3022822940000047	0.02878003637263153
1.3062822940000043	0.027802936372326142
1.3102822940000047	0.027092318190285857
1.3142822940000052	0.027136731826663374
1.3182822940000047	0.025893150008092874
1.3222822940000043	0.029490654554671817
1.3262822940000047	0.027492040917683515
1.3302822940000052	0.02784735000870366
1.3342822940000048	0.026337286371868055
1.3382822940000043	0.026692595462888196
1.3422822940000048	0.027758522735948622
1.3462822940000052	0.025848736371715357
1.3502822940000048	0.02642611364462309
1.3542822940000043	0.025004877280542518
1.3582822940000048	0.02558225455345025
1.3622822940000052	0.023628054552839468
1.3662822940000048	0.024072190916614646
1.3702822940000043	0.02558225455345025
1.3742822940000048	0.025537840917072733
1.3782822940000052	0.02580432273533784
1.3822822940000048	0.02456074091676734
1.3862822940000044	0.025004877280542518
1.3902822940000048	0.026692595462888196
1.3942822940000053	0.023805709098349538
1.3982822940000048	0.02442750000763479
1.4022822940000044	0.024916050007787485
1.4062822940000048	0.02442750000763479
1.4102822940000053	0.024516327280389823
1.4142822940000048	0.023139504552686773
1.4182822940000044	0.02340598637095188
1.4222822940000048	0.023894536371104575
1.4262822940000053	0.023095090916309253
1.4302822940000048	0.02442750000763479
1.4342822940000044	0.022917436370799182
1.4382822940000048	0.022473300007024005
1.4422822940000053	0.023272745461819327
1.4462822940000049	0.02282860909804415
1.4502822940000044	0.021895922734116273
1.4542822940000049	0.02011937727901556
1.4582822940000053	0.02340598637095188
1.4622822940000049	0.019497586369730313
1.4662822940000044	0.02176268182498372
1.4702822940000049	0.021052063642943434
1.4742822940000053	0.02136295909758606
1.4782822940000049	0.01954200000610783
1.4822822940000044	0.019319931824220243
1.4862822940000049	0.02340598637095188
1.4902822940000053	0.021629440915851166
1.494282294000005	0.020430272733658186
1.4982822940000045	0.020519100006413223
1.502282294000005	0.020430272733658186
1.5062822940000054	0.020163790915393078
1.510282294000005	0.019852895460750454
1.5142822940000045	0.022117990916003864
1.518282294000005	0.018653727278557474
1.5222822940000054	0.01798752273289471
1.526282294000005	0.018120763642027263
1.5302822940000045	0.01936434546059776
1.534282294000005	0.018476072733047404
1.5382822940000054	0.01958641364248535
1.542282294000005	0.019630827278862867
1.5462822940000045	0.017232490914476904
1.550282294000005	0.01794310909651719
1.5542822940000054	0.017410145459986977
1.558282294000005	0.018209590914782296
1.5622822940000045	0.018609313642179957
1.566282294000005	0.01754338636911953
1.5702822940000054	0.01767662727825208
1.574282294000005	0.018653727278557474
1.5782822940000045	0.018298418187537333
1.582282294000005	0.015766840914018816
1.5862822940000054	0.01754338636911953
1.590282294000005	0.017410145459986977
1.5942822940000045	0.0164774590960591
1.598282294000005	0.0169660090962118
1.6022822940000054	0.0164774590960591
1.606282294000005	0.015988909095906407
1.6102822940000046	0.01594449545952889
1.614282294000005	0.015278290913866122
1.6182822940000055	0.016033322732283924
1.622282294000005	0.015233877277488605
1.6262822940000046	0.015678013641263783
1.630282294000005	0.015056222731978533
1.6342822940000055	0.015367118186621157
1.638282294000005	0.015056222731978533
1.6422822940000046	0.015633600004886266
1.646282294000005	0.015455945459376194
1.6502822940000055	0.01310202273136775
1.654282294000005	0.013634986367897964
1.6582822940000046	0.014834154550090944
1.662282294000005	0.016166563641416477
1.6662822940000055	0.014167950004428177
1.670282294000005	0.013990295458918106
1.6742822940000046	0.012879954549480162
1.678282294000005	0.01452325909544832
1.6822822940000055	0.014878568186468462
1.686282294000005	0.01412353636805066
1.6902822940000046	0.013457331822387892
1.694282294000005	0.014390018186315766
1.6982822940000055	0.013057609094990232
1.702282294000005	0.013857054549785553
1.7062822940000046	0.013368504549632856
1.710282294000005	0.014167950004428177
1.7142822940000055	0.012524645458460019
1.718282294000005	0.012835540913102643
1.7222822940000047	0.01150313182177711
1.726282294000005	0.01310202273136775
1.7302822940000055	0.011991681821929804
1.734282294000005	0.011725200003664699
1.7382822940000047	0.011103409094379449
1.7422822940000051	0.012924368185857679
1.7462822940000056	0.012391404549327465
1.7502822940000051	0.012213750003817395
1.7542822940000047	0.013235263640500303
1.7582822940000051	0.012391404549327465
1.7622822940000056	0.012258163640194912
1.7662822940000051	0.011814027276419734
1.7702822940000047	0.010303963639584128
1.7742822940000051	0.010836927276114343
1.7782822940000056	0.012569059094837536
1.7822822940000052	0.010792513639736824
1.7862822940000047	0.010526031821471717
1.7902822940000052	0.010970168185246897
1.7942822940000056	0.011991681821929804
1.7982822940000052	0.012346990912949947
1.8022822940000047	0.01128106363988952
1.8062822940000052	0.010392790912339165
1.8102822940000056	0.011636372730909663
1.8142822940000052	0.010215136366829093
1.8182822940000047	0.011414304549022074
1.8222822940000052	0.010392790912339165
1.8262822940000056	0.010836927276114343
1.8302822940000052	0.010348377275961647
1.8342822940000048	0.008971554548258594
1.8382822940000052	0.00985982727580895
1.8422822940000056	0.010614859094226754
1.8462822940000052	0.009548931821166326
1.8502822940000048	0.010259550003206611
1.8542822940000052	0.00826093636621831
1.8582822940000057	0.009415690912033772
1.8622822940000052	0.009993068184941504
1.8662822940000048	0.009815413639431433
1.8702822940000052	0.010037481821319022
1.8742822940000057	0.009371277275656256
1.8782822940000052	0.008216522729840792
1.8822822940000048	0.009815413639431433
1.8862822940000052	0.009326863639278737
1.8902822940000057	0.009015968184636113
1.8942822940000053	0.009637759093921361
1.8982822940000048	0.00946010454841129
1.9022822940000053	0.008349763638973346
1.9062822940000057	0.008527418184483417
1.9102822940000053	0.009149209093768667
1.9142822940000048	0.008527418184483417
1.9182822940000053	0.008705072729993489
1.9222822940000057	0.008349763638973346
1.9262822940000053	0.008571831820860935
1.9302822940000048	0.008571831820860935
1.9342822940000053	0.00883831363912604
1.9382822940000057	0.006972940911270294
1.9422822940000053	0.007727972729688097
1.9462822940000049	0.007639145456933061
1.9502822940000053	0.007417077275045472
1.9542822940000057	0.008127695457085757
1.9582822940000053	0.00786121363882065
1.9622822940000049	0.007505904547800508
1.9662822940000053	0.006573218183872634
1.9702822940000058	0.007106181820402848
1.9742822940000053	0.007816800002443133
1.9782822940000049	0.007283836365912919
1.9822822940000053	0.007683559093310578
1.9862822940000058	0.007150595456780365
1.9902822940000053	0.0077723863660656145
1.994282294000005	0.008616245457238452
1.9982822940000053	0.006617631820250151
2.002282294000006	0.006573218183872634
2.0062822940000054	0.00683970000213774
2.010282294000005	0.006750872729382705
2.0142822940000054	0.006528804547495116
2.018282294000006	0.007150595456780365
2.0222822940000054	0.0074614909114229895
2.026282294000005	0.00666204545662767
2.0302822940000054	0.0061734954564749735
2.034282294000006	0.0061734954564749735
2.0382822940000054	0.0062623227292300096
2.042282294000005	0.0059514272745873845
2.0462822940000054	0.005995840910964902
2.050282294000006	0.005818186365454832
2.0542822940000054	0.007106181820402848
2.058282294000005	0.007017354547647812
2.0622822940000054	0.006040254547342421
2.066282294000006	0.006084668183719938
2.0702822940000054	0.006040254547342421
2.074282294000005	0.006306736365607527
2.0782822940000054	0.0062623227292300096
2.082282294000006	0.006217909092852492
2.0862822940000054	0.006573218183872634
2.090282294000005	0.0048855000015269575
2.0942822940000054	0.005773772729077313
2.098282294000006	0.004086054546731637
2.1022822940000054	0.005285222728924618
2.106282294000005	0.005551704547189724
2.1102822940000054	0.005151981819792064
2.114282294000006	0.004929913637904475
2.1182822940000055	0.005862600001832349
2.122282294000005	0.004707845456016886
2.1262822940000055	0.005418463638057171
2.130282294000006	0.004752259092394405
2.1342822940000055	0.005374050001679654
2.138282294000005	0.005329636365302135
2.1422822940000055	0.004796672728771922
2.146282294000006	0.004574604546884333
2.1502822940000055	0.004174881819486673
2.154282294000005	0.005151981819792064
2.1582822940000055	0.0051963954561695825
2.162282294000006	0.005507290910812207
2.1662822940000055	0.004707845456016886
2.170282294000005	0.0046634318196393685
2.1742822940000055	0.004308122728619226
2.178282294000006	0.004619018183261851
2.1822822940000055	0.00564053181994476
2.186282294000005	0.005063154547037029
2.1902822940000055	0.004574604546884333
2.194282294000006	0.004308122728619226
2.1982822940000055	0.0038195727284665304
2.202282294000005	0.004174881819486673
2.2062822940000055	0.005107568183414546
2.210282294000006	0.0037307454557114947
2.2142822940000055	0.004752259092394405
2.218282294000005	0.004130468183109155
2.2222822940000055	0.003508677273823906
2.226282294000006	0.004174881819486673
2.2302822940000055	0.004041640910354119
2.234282294000005	0.003952813637599084
2.2382822940000056	0.003997227273976602
2.242282294000006	0.003997227273976602
2.2462822940000056	0.003686331819333977
2.250282294000005	0.004752259092394405
2.2542822940000056	0.004219295455864191
2.258282294000006	0.0038195727284665304
2.2622822940000056	0.0036419181829564595
2.266282294000005	0.003331022728313835
2.2702822940000056	0.003775159092089013
2.274282294000006	0.003508677273823906
2.2782822940000056	0.003508677273823906
2.282282294000005	0.003064540910048728
2.2862822940000056	0.0027980590917836214
2.290282294000006	0.004263709092241708
2.2942822940000056	0.004086054546731637
2.298282294000005	0.0035975045465789415
2.3022822940000056	0.0030201272736712103
2.306282294000006	0.003464263637446388
2.3102822940000056	0.00341985000106887
2.314282294000005	0.003464263637446388
2.3182822940000056	0.003997227273976602
2.322282294000006	0.003286609091936317
2.3262822940000056	0.003508677273823906
2.330282294000005	0.0033754363646913525
2.3342822940000056	0.0032421954555587993
2.338282294000006	0.0027980590917836214
2.3422822940000056	0.0028868863645386566
2.346282294000005	0.002842472728161139
2.3502822940000057	0.0029757136372936923
2.354282294000006	0.0033754363646913525
2.3582822940000057	0.0033754363646913525
2.3622822940000052	0.0025315772735185144
2.3662822940000057	0.0027980590917836214
2.370282294000006	0.0028868863645386566
2.3742822940000057	0.0024427500007634787
2.3782822940000052	0.0027980590917836214
2.3822822940000057	0.0027536454554061033
2.386282294000006	0.0024427500007634787
2.3902822940000057	0.002265095455253408
2.3942822940000053	0.0028868863645386566
2.3982822940000057	0.00262040454627355
2.402282294000006	0.002842472728161139
2.4062822940000057	0.003331022728313835
2.4102822940000053	0.0024871636371409968
2.4142822940000057	0.003064540910048728
2.418282294000006	0.0024427500007634787
2.4222822940000057	0.002131854546120854
2.4262822940000053	0.0024427500007634787
2.4302822940000057	0.00222068181887589
2.434282294000006	0.0024871636371409968
2.4382822940000057	0.0030201272736712103
2.4422822940000053	0.0024427500007634787
2.4462822940000057	0.002176268182498372
2.450282294000006	0.0020874409097433365
2.4542822940000057	0.001732131818723194
2.4582822940000053	0.00222068181887589
2.4622822940000058	0.0023095090916309255
2.466282294000006	0.0024871636371409968
2.4702822940000058	0.0020430272733658185
2.4742822940000053	0.0024427500007634787
2.4782822940000058	0.0019542000006107832
2.482282294000006	0.00222068181887589
2.4862822940000058	0.001776545455100712
2.4902822940000053	0.0018209590914782298
2.494282294000006	0.002353922728008443
2.4982822940000062	0.0018653727278557474
2.502282294000006	0.0027536454554061033
2.5062822940000054	0.002176268182498372
2.510282294000006	0.0019542000006107832
2.5142822940000062	0.0018209590914782298
2.518282294000006	0.0016877181823456763
2.5222822940000054	0.0019097863642332652
2.526282294000006	0.0020874409097433365
2.5302822940000063	0.0018209590914782298
2.534282294000006	0.0012435818185704984
2.5382822940000054	0.0016877181823456763
2.542282294000006	0.00222068181887589
2.5462822940000063	0.0019097863642332652
2.550282294000006	0.0014212363640805695
2.5542822940000054	0.001998613636988301
2.558282294000006	0.0016433045459681584
2.5622822940000063	0.0015100636368356052
2.566282294000006	0.0015100636368356052
2.5702822940000054	0.0013324090913255338
2.574282294000006	0.0019097863642332652
2.5782822940000063	0.002176268182498372
2.582282294000006	0.0015988909095906406
2.5862822940000054	0.0014212363640805695
2.590282294000006	0.0014212363640805695
2.5942822940000063	0.001732131818723194
2.598282294000006	0.0014212363640805695
2.6022822940000054	0.001998613636988301
2.606282294000006	0.001554477273213123
2.6102822940000063	0.001554477273213123
2.614282294000006	0.0014212363640805695
2.6182822940000055	0.0018209590914782298
2.622282294000006	0.0015988909095906406
2.6262822940000063	0.0015100636368356052
2.630282294000006	0.0019097863642332652
2.6342822940000055	0.0014656500004580873
2.638282294000006	0.0020874409097433365
2.6422822940000064	0.0014656500004580873
2.646282294000006	0.0014656500004580873
2.6502822940000055	0.0013768227277030517
2.654282294000006	0.0015100636368356052
2.6582822940000064	0.0012435818185704984
2.662282294000006	0.0018653727278557474
2.6662822940000055	0.0013768227277030517
2.670282294000006	0.0011547545458154627
2.6742822940000064	0.001287995454948016
2.678282294000006	0.001065927273060427
2.6822822940000055	0.0013324090913255338
2.686282294000006	0.0015100636368356052
2.6902822940000064	0.0011547545458154627
2.694282294000006	0.0011547545458154627
2.6982822940000055	0.0013768227277030517
2.702282294000006	0.0011547545458154627
2.7062822940000064	0.0010215136366829092
2.710282294000006	0.001065927273060427
2.7142822940000055	0.0009771000003053916
2.718282294000006	0.0014656500004580873
2.7222822940000064	0.0011547545458154627
2.726282294000006	0.0009326863639278737
2.7302822940000055	0.0009326863639278737
2.734282294000006	0.0014656500004580873
2.7382822940000064	0.0012435818185704984
2.742282294000006	0.0015100636368356052
2.7462822940000056	0.0009771000003053916
2.750282294000006	0.0010215136366829092
2.7542822940000065	0.0011991681821929806
2.758282294000006	0.001110340909437945
2.7622822940000056	0.000888272727550356
2.766282294000006	0.0009771000003053916
2.7702822940000065	0.0006662045456627669
2.774282294000006	0.000888272727550356
2.7782822940000056	0.001287995454948016
2.782282294000006	0.001110340909437945
2.7862822940000065	0.0009326863639278737
2.790282294000006	0.0006217909092852492
2.7942822940000056	0.0011547545458154627
2.798282294000006	0.000888272727550356
2.8022822940000065	0.0007994454547953203
2.806282294000006	0.0012435818185704984
2.8102822940000056	0.001110340909437945
2.814282294000006	0.0008438590911728381
2.8182822940000065	0.0007550318184178026
2.822282294000006	0.0011547545458154627
2.8262822940000056	0.0006662045456627669
2.830282294000006	0.0003553090910201424
2.8342822940000065	0.0008438590911728381
2.838282294000006	0.0007106181820402847
2.8422822940000056	0.0009771000003053916
2.846282294000006	0.0008438590911728381
2.8502822940000065	0.001065927273060427
2.854282294000006	0.0005329636365302135
2.8582822940000057	0.0007550318184178026
2.862282294000006	0.0009326863639278737
2.8662822940000066	0.0007106181820402847
2.870282294000006	0.0007994454547953203
2.8742822940000057	0.000888272727550356
2.878282294000006	0.0006662045456627669
2.8822822940000066	0.0008438590911728381
2.886282294000006	0.00039972272739766015
2.8902822940000057	0.0006662045456627669
2.894282294000006	0.0004885500001526958
2.8982822940000066	0.0009771000003053916
2.902282294000006	0.0004885500001526958
2.9062822940000057	0.0007994454547953203
2.910282294000006	0.0005329636365302135
2.9142822940000066	0.0006217909092852492
2.918282294000006	0.0005773772729077314
2.9222822940000057	0.0006217909092852492
2.926282294000006	0.0008438590911728381
2.9302822940000066	0.0005329636365302135
2.934282294000006	0.0007106181820402847
2.9382822940000057	0.00039972272739766015
2.942282294000006	0.0005329636365302135
2.9462822940000066	0.0006217909092852492
2.950282294000006	0.0006662045456627669
2.9542822940000057	0.0007106181820402847
2.958282294000006	0.0005773772729077314
2.9622822940000066	0.0005773772729077314
2.966282294000006	0.0005329636365302135
2.9702822940000058	0.000888272727550356
2.974282294000006	0.0003108954546426246
2.9782822940000067	0.0003553090910201424
2.982282294000006	0.0006217909092852492
2.9862822940000058	0.000444136363775178
2.9902822940000062	0.0006217909092852492
2.9942822940000067	0.0005773772729077314
2.9982822940000062	0.0006662045456627669
3.002282294000006	0.0007994454547953203
3.0062822940000062	0.0005329636365302135
3.0102822940000067	0.000444136363775178
3.0142822940000062	0.0005773772729077314
3.018282294000006	0.0004885500001526958
3.0222822940000063	0.000222068181887589
3.0262822940000067	0.00013324090913255338
3.0302822940000063	0.0006662045456627669
3.034282294000006	0.0003108954546426246
3.0382822940000063	0.0003108954546426246
3.0422822940000067	0.0003108954546426246
3.0462822940000063	0.000444136363775178
3.050282294000006	0.00039972272739766015
3.0542822940000063	0.0004885500001526958
3.0582822940000067	0.0004885500001526958
3.0622822940000063	0.0005329636365302135
3.066282294000006	0.000444136363775178
3.0702822940000063	0.0004885500001526958
3.0742822940000067	0.000444136363775178
3.0782822940000063	0.00039972272739766015
3.082282294000006	0.0005773772729077314
3.0862822940000063	0.0003108954546426246
3.0902822940000068	0.000444136363775178
3.0942822940000063	0.000444136363775178
3.098282294000006	0.000222068181887589
3.1022822940000063	0.00026648181826510677
3.1062822940000068	0.0004885500001526958
3.1102822940000063	0.00039972272739766015
3.114282294000006	0.0006217909092852492
3.1182822940000063	0.00039972272739766015
3.122282294000007	0.0007994454547953203
3.1262822940000063	0.00039972272739766015
3.130282294000006	0.0003108954546426246
3.1342822940000064	0.00039972272739766015
3.138282294000007	0.000222068181887589
3.1422822940000064	0.000444136363775178
3.146282294000006	0.00039972272739766015
3.1502822940000064	0.000222068181887589
3.154282294000007	0.00026648181826510677
3.1582822940000064	0.0001776545455100712
3.162282294000006	0.0003108954546426246
3.1662822940000064	0.0004885500001526958
3.170282294000007	0.0005773772729077314
3.1742822940000064	0.000222068181887589
3.178282294000006	0.0003108954546426246
3.1822822940000064	0.0005329636365302135
3.186282294000007	0.0001776545455100712
3.1902822940000064	0.0001776545455100712
3.194282294000006	0.000222068181887589
3.1982822940000064	0.0001776545455100712
3.202282294000007	0.0003108954546426246
3.2062822940000064	0.0001776545455100712
3.210282294000006	0.0003108954546426246
3.2142822940000064	8.88272727550356e-05
3.218282294000007	0.00013324090913255338
3.2222822940000064	0.000222068181887589
3.226282294000006	0.000222068181887589
3.2302822940000064	0.00013324090913255338
3.234282294000007	0.000444136363775178
3.2382822940000064	0.0003108954546426246
3.242282294000006	0.00026648181826510677
3.2462822940000065	0.00026648181826510677
3.250282294000007	0.00026648181826510677
3.2542822940000065	0.00026648181826510677
3.258282294000006	0.0003108954546426246
3.2622822940000065	0.00026648181826510677
3.266282294000007	0.000222068181887589
3.2702822940000065	8.88272727550356e-05
3.274282294000006	0.000222068181887589
3.2782822940000065	0.00026648181826510677
3.282282294000007	0.00026648181826510677
3.2862822940000065	0.000222068181887589
3.290282294000006	0.000222068181887589
3.2942822940000065	0.0001776545455100712
3.298282294000007	0.00013324090913255338
3.3022822940000065	0.0001776545455100712
3.306282294000006	8.88272727550356e-05
3.3102822940000065	8.88272727550356e-05
3.314282294000007	0.00013324090913255338
3.3182822940000065	0.0001776545455100712
3.322282294000006	0.0003108954546426246
3.3262822940000065	0.00026648181826510677
3.330282294000007	0.0001776545455100712
3.3342822940000065	0.0001776545455100712
3.338282294000006	0.00013324090913255338
3.3422822940000065	0.0003108954546426246
3.346282294000007	0.0003108954546426246
3.3502822940000065	0.0001776545455100712
3.354282294000006	0.0001776545455100712
3.3582822940000066	0.00026648181826510677
3.362282294000007	0.0001776545455100712
3.3662822940000066	0.0003553090910201424
3.370282294000006	0.00026648181826510677
3.3742822940000066	0.0001776545455100712
3.378282294000007	0.0003108954546426246
3.3822822940000066	0.00039972272739766015
3.386282294000006	4.44136363775178e-05
3.3902822940000066	0.0001776545455100712
3.394282294000007	0.00013324090913255338
3.3982822940000066	0.00026648181826510677
3.402282294000006	0.000222068181887589
3.4062822940000066	0.00013324090913255338
3.410282294000007	0.0001776545455100712
3.4142822940000066	8.88272727550356e-05
3.418282294000006	0.0001776545455100712
3.4222822940000066	0.0001776545455100712
3.426282294000007	4.44136363775178e-05
3.4302822940000066	0.0001776545455100712
3.434282294000006	0.000222068181887589
3.4382822940000066	0.000222068181887589
3.442282294000007	4.44136363775178e-05
3.4462822940000066	8.88272727550356e-05
3.450282294000006	0.0001776545455100712
3.4542822940000066	0.00013324090913255338
3.458282294000007	8.88272727550356e-05
3.4622822940000066	4.44136363775178e-05
3.466282294000006	0.00013324090913255338
3.4702822940000067	0.00013324090913255338
3.474282294000007	0.00013324090913255338
3.4782822940000067	0.000222068181887589
3.482282294000006	0.0001776545455100712
3.4862822940000067	4.44136363775178e-05
3.490282294000007	0.00013324090913255338
3.4942822940000067	8.88272727550356e-05
3.4982822940000062	4.44136363775178e-05
3.5022822940000067	4.44136363775178e-05
3.506282294000007	0.000222068181887589
3.5102822940000067	8.88272727550356e-05
3.5142822940000062	0.00013324090913255338
3.5182822940000067	0.00013324090913255338
3.522282294000007	0.0
3.5262822940000067	8.88272727550356e-05
3.5302822940000063	0.0
3.5342822940000067	0.000222068181887589
3.538282294000007	0.0
3.5422822940000067	0.000222068181887589
3.5462822940000063	8.88272727550356e-05
3.5502822940000067	0.00013324090913255338
3.554282294000007	0.0
3.5582822940000067	4.44136363775178e-05
3.5622822940000063	8.88272727550356e-05
3.5662822940000067	0.0
3.570282294000007	0.00013324090913255338
3.5742822940000067	4.44136363775178e-05
3.5782822940000063	8.88272727550356e-05
3.5822822940000068	0.000222068181887589
3.586282294000007	0.0001776545455100712
3.5902822940000068	0.0001776545455100712
3.5942822940000063	0.0003108954546426246
3.5982822940000068	0.0
3.602282294000007	0.00013324090913255338
3.6062822940000068	4.44136363775178e-05
3.6102822940000063	4.44136363775178e-05
3.614282294000007	0.0001776545455100712
3.6182822940000072	0.0003108954546426246
3.622282294000007	8.88272727550356e-05
3.6262822940000063	8.88272727550356e-05
3.630282294000007	0.0
3.6342822940000072	8.88272727550356e-05
3.638282294000007	8.88272727550356e-05
3.6422822940000064	4.44136363775178e-05
3.646282294000007	0.0
3.6502822940000073	4.44136363775178e-05
3.654282294000007	0.00013324090913255338
3.6582822940000064	0.0
3.662282294000007	4.44136363775178e-05
3.6662822940000073	0.0
3.670282294000007	4.44136363775178e-05
3.6742822940000064	0.00013324090913255338
3.678282294000007	4.44136363775178e-05
3.6822822940000073	4.44136363775178e-05
3.686282294000007	0.0
3.6902822940000064	4.44136363775178e-05
3.694282294000007	0.0
3.6982822940000073	8.88272727550356e-05
3.702282294000007	0.0001776545455100712
3.7062822940000064	0.000222068181887589
3.710282294000007	8.88272727550356e-05
3.7142822940000073	0.0
3.718282294000007	4.44136363775178e-05
3.7222822940000064	0.0
3.726282294000007	8.88272727550356e-05
3.7302822940000073	8.88272727550356e-05
3.734282294000007	8.88272727550356e-05
3.7382822940000064	0.0
3.742282294000007	8.88272727550356e-05
3.7462822940000073	4.44136363775178e-05
3.750282294000007	8.88272727550356e-05
3.7542822940000065	0.00013324090913255338
3.758282294000007	0.0
3.7622822940000074	0.0
3.766282294000007	4.44136363775178e-05
3.7702822940000065	8.88272727550356e-05
3.774282294000007	4.44136363775178e-05
3.7782822940000074	4.44136363775178e-05
3.782282294000007	4.44136363775178e-05
3.7862822940000065	0.0
3.790282294000007	4.44136363775178e-05
3.7942822940000074	0.0
3.798282294000007	0.0
3.8022822940000065	0.0
3.806282294000007	4.44136363775178e-05
3.8102822940000074	0.0
3.814282294000007	4.44136363775178e-05
3.8182822940000065	8.88272727550356e-05
3.822282294000007	0.0001776545455100712
3.8262822940000074	0.0
3.830282294000007	0.0
3.8342822940000065	0.0001776545455100712
3.838282294000007	8.88272727550356e-05
3.8422822940000074	0.0
3.846282294000007	8.88272727550356e-05
3.8502822940000065	0.0
3.854282294000007	4.44136363775178e-05
3.8582822940000074	0.0
3.862282294000007	8.88272727550356e-05
3.8662822940000066	0.0
3.870282294000007	0.0
3.8742822940000075	4.44136363775178e-05
3.878282294000007	4.44136363775178e-05
3.8822822940000066	4.44136363775178e-05
3.886282294000007	8.88272727550356e-05
3.8902822940000075	0.0
3.894282294000007	0.0
3.8982822940000066	4.44136363775178e-05
3.902282294000007	0.00013324090913255338
3.9062822940000075	0.0
3.910282294000007	4.44136363775178e-05
3.9142822940000066	0.0
3.918282294000007	0.0
3.9222822940000075	4.44136363775178e-05
3.926282294000007	0.0
3.9302822940000066	4.44136363775178e-05
3.934282294000007	0.0
3.9382822940000075	0.0
3.942282294000007	0.0
3.9462822940000066	0.0
3.950282294000007	8.88272727550356e-05
3.9542822940000075	0.0
3.958282294000007	0.0
3.9622822940000066	0.0
3.966282294000007	4.44136363775178e-05
3.9702822940000075	0.0
3.974282294000007	0.0
3.9782822940000067	4.44136363775178e-05
3.982282294000007	4.44136363775178e-05
3.9862822940000076	0.0
3.990282294000007	0.0
