Channel A: 
Mode: 2
N1/T1: 40.65 µs
Channel B: 
Mode: 1
N2/T2: 40.65 µs
tau (µs)	g2 Values
-703.749768	0.0
-703.2377680000001	0.0
-702.7257680000001	0.0
-702.2137680000002	0.0
-701.7017680000002	0.0
-701.1897680000003	0.0
-700.6777680000004	0.0
-700.1657680000004	0.0
-699.6537680000005	0.0
-699.1417680000005	0.0
-698.6297680000006	0.0
-698.1177680000006	0.0
-697.6057680000007	0.0
-697.0937680000008	0.0
-696.5817680000008	0.0
-696.0697680000009	0.0
-695.5577680000009	0.0
-695.045768000001	0.0
-694.533768000001	0.0
-694.0217680000011	0.0
-693.5097680000011	0.0
-692.9977680000012	0.0
-692.4857680000013	0.0
-691.9737680000013	0.0
-691.4617680000014	0.0
-690.9497680000014	0.0
-690.4377680000015	0.0
-689.9257680000015	0.0
-689.4137680000016	0.0
-688.9017680000017	0.0
-688.3897680000017	0.0
-687.8777680000018	0.0
-687.3657680000018	0.0
-686.8537680000019	0.0
-686.3417680000019	0.0
-685.829768000002	0.0
-685.317768000002	0.0
-684.8057680000021	0.0
-684.2937680000022	0.0
-683.7817680000022	0.0
-683.2697680000023	0.0
-682.7577680000023	0.0
-682.2457680000024	0.0
-681.7337680000024	0.0
-681.2217680000025	0.0
-680.7097680000026	0.0
-680.1977680000026	0.0
-679.6857680000027	0.0
-679.1737680000027	0.0
-678.6617680000028	0.0
-678.1497680000028	0.0
-677.6377680000029	0.0
-677.125768000003	0.0
-676.613768000003	0.0
-676.1017680000031	0.0
-675.5897680000031	0.0
-675.0777680000032	0.0
-674.5657680000032	0.0
-674.0537680000033	0.0
-673.5417680000033	0.0
-673.0297680000034	0.0
-672.5177680000035	0.0
-672.0057680000035	0.0
-671.4937680000036	0.0
-670.9817680000036	0.0
-670.4697680000037	0.0
-669.9577680000037	0.0
-669.4457680000038	0.0
-668.9337680000039	0.0
-668.4217680000039	0.0
-667.909768000004	0.0
-667.397768000004	0.0
-666.8857680000041	0.0
-666.3737680000041	0.0
-665.8617680000042	0.0
-665.3497680000042	0.0
-664.8377680000043	0.0
-664.3257680000044	0.0
-663.8137680000044	0.0
-663.3017680000045	0.0
-662.7897680000045	0.0
-662.2777680000046	0.0
-661.7657680000046	0.0
-661.2537680000047	0.0
-660.7417680000048	0.0
-660.2297680000048	0.0
-659.7177680000049	0.0
-659.2057680000049	0.0
-658.693768000005	0.0
-658.181768000005	0.0
-657.6697680000051	0.0
-657.1577680000051	0.0
-656.6457680000052	0.0
-656.1337680000053	0.0
-655.6217680000053	0.0
-655.1097680000054	0.0
-654.5977680000054	0.0
-654.0857680000055	0.0
-653.5737680000055	0.0
-653.0617680000056	0.0
-652.5497680000057	0.0
-652.0377680000057	0.0
-651.5257680000058	0.0
-651.0137680000058	0.0
-650.5017680000059	0.0
-649.9897680000059	0.0
-649.477768000006	0.0
-648.965768000006	0.0
-648.4537680000061	0.0
-647.9417680000062	0.0
-647.4297680000062	0.0
-646.9177680000063	0.0
-646.4057680000063	0.0
-645.8937680000064	0.0
-645.3817680000064	0.0
-644.8697680000065	0.0
-644.3577680000066	0.0
-643.8457680000066	0.0
-643.3337680000067	0.0
-642.8217680000067	0.0
-642.3097680000068	0.0
-641.7977680000068	0.0
-641.2857680000069	0.0
-640.773768000007	0.0
-640.261768000007	0.0
-639.7497680000071	0.0
-639.2377680000071	0.0
-638.7257680000072	0.0
-638.2137680000072	0.0
-637.7017680000073	0.0
-637.1897680000073	0.0
-636.6777680000074	0.0
-636.1657680000075	0.0
-635.6537680000075	0.0
-635.1417680000076	0.0
-634.6297680000076	0.0
-634.1177680000077	0.0
-633.6057680000077	0.0
-633.0937680000078	0.0
-632.5817680000079	0.0
-632.0697680000079	0.0
-631.557768000008	0.0
-631.045768000008	0.0
-630.5337680000081	0.0
-630.0217680000081	0.0
-629.5097680000082	0.0
-628.9977680000083	0.0
-628.4857680000083	0.0
-627.9737680000084	0.0
-627.4617680000084	0.0
-626.9497680000085	0.0
-626.4377680000085	0.0
-625.9257680000086	0.0
-625.4137680000086	0.0
-624.9017680000087	0.0
-624.3897680000088	0.0
-623.8777680000088	0.0
-623.3657680000089	0.0
-622.8537680000089	0.0
-622.341768000009	0.0
-621.829768000009	0.0
-621.3177680000091	0.0
-620.8057680000092	0.0
-620.2937680000092	0.0
-619.7817680000093	0.0
-619.2697680000093	0.0
-618.7577680000094	0.0
-618.2457680000094	0.0
-617.7337680000095	0.0
-617.2217680000095	0.0
-616.7097680000096	0.0
-616.1977680000097	0.0
-615.6857680000097	0.0
-615.1737680000098	0.0
-614.6617680000098	0.0
-614.1497680000099	0.0
-613.6377680000099	0.0
-613.12576800001	0.0
-612.61376800001	0.0
-612.1017680000101	0.0
-611.5897680000102	0.0
-611.0777680000102	0.0
-610.5657680000103	0.0
-610.0537680000103	0.0
-609.5417680000104	0.0
-609.0297680000104	0.0
-608.5177680000105	0.0
-608.0057680000106	0.0
-607.4937680000106	0.0
-606.9817680000107	0.0
-606.4697680000107	0.0
-605.9577680000108	0.0
-605.4457680000108	0.0
-604.9337680000109	0.0
-604.421768000011	0.0
-603.909768000011	0.0
-603.3977680000111	0.0
-602.8857680000111	0.0
-602.3737680000112	0.0
-601.8617680000112	0.0
-601.3497680000113	0.0
-600.8377680000114	0.0
-600.3257680000114	0.0
-599.8137680000115	0.0
-599.3017680000115	0.0
-598.7897680000116	0.0
-598.2777680000116	0.0
-597.7657680000117	0.0
-597.2537680000117	0.0
-596.7417680000118	0.0
-596.2297680000119	0.0
-595.7177680000119	0.0
-595.205768000012	0.0
-594.693768000012	0.0
-594.1817680000121	0.0
-593.6697680000121	0.0
-593.1577680000122	0.0
-592.6457680000123	0.0
-592.1337680000123	0.0
-591.6217680000124	0.0
-591.1097680000124	0.0
-590.5977680000125	0.0
-590.0857680000125	0.0
-589.5737680000126	0.0
-589.0617680000126	0.0
-588.5497680000127	0.0
-588.0377680000128	0.0
-587.5257680000128	0.0
-587.0137680000129	0.0
-586.5017680000129	0.0
-585.989768000013	0.0
-585.477768000013	0.0
-584.9657680000131	0.0
-584.4537680000132	0.0
-583.9417680000132	0.0
-583.4297680000133	0.0
-582.9177680000133	0.0
-582.4057680000134	0.0
-581.8937680000134	0.0
-581.3817680000135	0.0
-580.8697680000136	0.0
-580.3577680000136	0.0
-579.8457680000137	0.0
-579.3337680000137	0.0
-578.8217680000138	0.0
-578.3097680000138	0.0
-577.7977680000139	0.0
-577.285768000014	0.0
-576.773768000014	0.0
-576.2617680000141	0.0
-575.7497680000141	0.0
-575.2377680000142	0.0
-574.7257680000142	0.0
-574.2137680000143	0.0
-573.7017680000143	0.0
-573.1897680000144	0.0
-572.6777680000145	0.0
-572.1657680000145	0.0
-571.6537680000146	0.0
-571.1417680000146	0.0
-570.6297680000147	0.0
-570.1177680000147	0.0
-569.6057680000148	0.0
-569.0937680000148	0.0
-568.5817680000149	0.0
-568.069768000015	0.0
-567.557768000015	0.0
-567.0457680000151	0.0
-566.5337680000151	0.0
-566.0217680000152	0.0
-565.5097680000152	0.0
-564.9977680000153	0.0
-564.4857680000154	0.0
-563.9737680000154	0.0
-563.4617680000155	0.0
-562.9497680000155	0.0
-562.4377680000156	0.0
-561.9257680000156	0.0
-561.4137680000157	0.0
-560.9017680000157	0.0
-560.3897680000158	0.0
-559.8777680000159	0.0
-559.3657680000159	0.0
-558.853768000016	0.0
-558.341768000016	0.0
-557.8297680000161	0.0
-557.3177680000161	0.0
-556.8057680000162	0.0
-556.2937680000163	0.0
-555.7817680000163	0.0
-555.2697680000164	0.0
-554.7577680000164	0.0
-554.2457680000165	0.0
-553.7337680000165	0.0
-553.2217680000166	0.0
-552.7097680000167	0.0
-552.1977680000167	0.0
-551.6857680000168	0.0
-551.1737680000168	0.0
-550.6617680000169	0.0
-550.1497680000169	0.0
-549.637768000017	0.0
-549.125768000017	0.0
-548.6137680000171	0.0
-548.1017680000172	0.0
-547.5897680000172	0.0
-547.0777680000173	0.0
-546.5657680000173	0.0
-546.0537680000174	0.0
-545.5417680000174	0.0
-545.0297680000175	0.0
-544.5177680000176	0.0
-544.0057680000176	0.0
-543.4937680000177	0.0
-542.9817680000177	0.0
-542.4697680000178	0.0
-541.9577680000178	0.0
-541.4457680000179	0.0
-540.933768000018	0.0
-540.421768000018	0.0
-539.9097680000181	0.0
-539.3977680000181	0.0
-538.8857680000182	0.0
-538.3737680000182	0.0
-537.8617680000183	0.0
-537.3497680000183	0.0
-536.8377680000184	0.0
-536.3257680000185	0.0
-535.8137680000185	0.0
-535.3017680000186	0.0
-534.7897680000186	0.0
-534.2777680000187	0.0
-533.7657680000187	0.0
-533.2537680000188	0.0
-532.7417680000189	0.0
-532.2297680000189	0.0
-531.717768000019	0.0
-531.205768000019	0.0
-530.6937680000191	0.0
-530.1817680000191	0.0
-529.6697680000192	0.0
-529.1577680000192	0.0
-528.6457680000193	0.0
-528.1337680000194	0.0
-527.6217680000194	0.0
-527.1097680000195	0.0
-526.5977680000195	0.0
-526.0857680000196	0.0
-525.5737680000196	0.0
-525.0617680000197	0.0
-524.5497680000198	0.0
-524.0377680000198	0.0
-523.5257680000199	0.0
-523.0137680000199	0.0
-522.50176800002	0.0
-521.98976800002	0.0
-521.4777680000201	0.0
-520.9657680000201	0.0
-520.4537680000202	0.0
-519.9417680000203	0.0
-519.4297680000203	0.0
-518.9177680000204	0.0
-518.4057680000204	0.0
-517.8937680000205	0.0
-517.3817680000205	0.0
-516.8697680000206	0.0
-516.3577680000207	0.0
-515.8457680000207	0.0
-515.3337680000208	0.0
-514.8217680000208	0.0
-514.3097680000209	0.0
-513.7977680000209	0.0
-513.285768000021	0.0
-512.773768000021	0.0
-512.2617680000211	0.0
-511.74976800002116	0.0
-511.2377680000212	0.0
-510.7257680000213	0.0
-510.21376800002133	0.0
-509.7017680000214	0.0
-509.18976800002145	0.0
-508.6777680000215	0.0
-508.16576800002156	0.0
-507.6537680000216	0.0
-507.14176800002167	0.0
-506.6297680000217	0.0
-506.1177680000218	0.0
-505.60576800002184	0.0
-505.0937680000219	0.0
-504.58176800002195	0.0
-504.069768000022	0.0
-503.55776800002207	0.0
-503.0457680000221	0.0
-502.5337680000222	0.0
-502.02176800002223	0.0
-501.5097680000223	0.0
-500.99776800002235	0.0
-500.4857680000224	0.0
-499.97376800002246	0.0
-499.4617680000225	0.0
-498.9497680000226	0.0
-498.43776800002263	0.0
-497.9257680000227	0.0
-497.41376800002274	0.0
-496.9017680000228	0.0
-496.38976800002285	0.0
-495.8777680000229	0.0
-495.36576800002297	0.0
-494.853768000023	0.0
-494.3417680000231	0.0
-493.82976800002314	0.0
-493.3177680000232	0.0
-492.80576800002325	0.0
-492.2937680000233	0.0
-491.78176800002336	0.0
-491.2697680000234	0.0
-490.7577680000235	0.0
-490.24576800002353	0.0
-489.7337680000236	0.0
-489.22176800002364	0.0
-488.7097680000237	0.0
-488.19776800002376	0.0
-487.6857680000238	0.0
-487.17376800002387	0.0
-486.6617680000239	0.0
-486.149768000024	0.0
-485.63776800002404	0.0
-485.1257680000241	0.0
-484.61376800002415	0.0
-484.1017680000242	0.0
-483.58976800002426	0.0
-483.0777680000243	0.0
-482.5657680000244	0.0
-482.05376800002443	0.0
-481.5417680000245	0.0
-481.02976800002455	0.0
-480.5177680000246	0.0
-480.00576800002466	0.0
-479.4937680000247	0.0
-478.9817680000248	0.0
-478.4697680000248	0.0
-477.9577680000249	0.0
-477.44576800002494	0.0
-476.933768000025	0.0
-476.42176800002505	0.0
-475.9097680000251	0.0
-475.39776800002517	0.0
-474.8857680000252	0.0
-474.3737680000253	0.0
-473.86176800002534	0.0
-473.3497680000254	0.0
-472.83776800002545	0.0
-472.3257680000255	0.0
-471.81376800002556	0.0
-471.3017680000256	0.0
-470.7897680000257	0.0
-470.27776800002573	0.0
-469.7657680000258	0.0
-469.25376800002584	0.0
-468.7417680000259	0.0
-468.22976800002596	0.0
-467.717768000026	0.0
-467.20576800002607	0.0
-466.6937680000261	0.0
-466.1817680000262	0.0
-465.66976800002624	0.0
-465.1577680000263	0.0
-464.64576800002635	0.0
-464.1337680000264	0.0
-463.62176800002646	0.0
-463.1097680000265	0.0
-462.5977680000266	0.0
-462.08576800002663	0.0
-461.5737680000267	0.0
-461.06176800002675	0.0
-460.5497680000268	0.0
-460.03776800002686	0.0
-459.5257680000269	0.0
-459.01376800002697	0.0
-458.501768000027	0.0
-457.9897680000271	0.0
-457.47776800002714	0.0
-456.9657680000272	0.0
-456.45376800002725	0.0
-455.9417680000273	0.0
-455.42976800002737	0.0
-454.9177680000274	0.0
-454.4057680000275	0.0
-453.89376800002753	0.0
-453.3817680000276	0.0
-452.86976800002765	0.0
-452.3577680000277	0.0
-451.84576800002776	0.0
-451.3337680000278	0.0
-450.8217680000279	0.0
-450.30976800002793	0.0
-449.797768000028	0.0
-449.28576800002804	0.0
-448.7737680000281	0.0
-448.26176800002816	0.0
-447.7497680000282	0.0
-447.23776800002827	0.0
-446.7257680000283	0.0
-446.2137680000284	0.0
-445.70176800002844	0.0
-445.1897680000285	0.0
-444.67776800002855	0.0
-444.1657680000286	0.0
-443.65376800002866	0.0
-443.1417680000287	0.0
-442.6297680000288	0.0
-442.11776800002883	0.0
-441.6057680000289	0.0
-441.09376800002894	0.0
-440.581768000029	0.0
-440.06976800002906	0.0
-439.5577680000291	0.0
-439.04576800002917	0.0
-438.5337680000292	0.0
-438.0217680000293	0.0
-437.50976800002934	0.0
-436.9977680000294	0.0
-436.48576800002945	0.0
-435.9737680000295	0.0
-435.46176800002956	0.0
-434.9497680000296	0.0
-434.4377680000297	0.0
-433.92576800002973	0.0
-433.4137680000298	0.0
-432.90176800002985	0.0
-432.3897680000299	0.0
-431.87776800002996	0.0
-431.36576800003	0.0
-430.8537680000301	0.0
-430.34176800003013	0.0
-429.8297680000302	0.0
-429.31776800003024	0.0
-428.8057680000303	0.0
-428.29376800003035	0.0
-427.7817680000304	0.0
-427.26976800003047	0.0
-426.7577680000305	0.0
-426.2457680000306	0.0
-425.73376800003064	0.0
-425.2217680000307	0.0
-424.70976800003075	0.0
-424.1977680000308	0.0
-423.68576800003086	0.0
-423.1737680000309	0.0
-422.661768000031	0.0
-422.14976800003103	0.0
-421.6377680000311	0.0
-421.12576800003114	0.0
-420.6137680000312	0.0
-420.10176800003126	0.0
-419.5897680000313	0.0
-419.07776800003137	0.0
-418.5657680000314	0.0
-418.0537680000315	0.0
-417.54176800003154	0.0
-417.0297680000316	0.0
-416.51776800003165	0.0
-416.0057680000317	0.0
-415.49376800003176	0.0
-414.9817680000318	0.0
-414.4697680000319	0.0
-413.95776800003193	0.0
-413.445768000032	0.0
-412.93376800003205	0.0
-412.4217680000321	0.0
-411.90976800003216	0.0
-411.3977680000322	0.0
-410.8857680000323	0.0
-410.3737680000323	0.0
-409.8617680000324	0.0
-409.34976800003244	0.0
-408.8377680000325	0.0
-408.32576800003255	0.0
-407.8137680000326	0.0
-407.30176800003267	0.0
-406.7897680000327	0.0
-406.2777680000328	0.0
-405.76576800003284	0.0
-405.2537680000329	0.0
-404.74176800003295	0.0
-404.229768000033	0.0
-403.71776800003306	0.0
-403.2057680000331	0.0
-402.6937680000332	0.0
-402.18176800003323	0.0
-401.6697680000333	0.0
-401.15776800003334	0.0
-400.6457680000334	0.0
-400.13376800003346	0.0
-399.6217680000335	0.0
-399.10976800003357	0.0
-398.5977680000336	0.0
-398.0857680000337	0.0
-397.57376800003374	0.0
-397.0617680000338	0.0
-396.54976800003385	0.0
-396.0377680000339	0.0
-395.52576800003396	0.0
-395.013768000034	0.0
-394.5017680000341	0.0
-393.98976800003413	0.0
-393.4777680000342	0.0
-392.96576800003425	0.0
-392.4537680000343	0.0
-391.94176800003436	0.0
-391.4297680000344	0.0
-390.91776800003447	0.0
-390.4057680000345	0.0
-389.8937680000346	0.0
-389.38176800003464	0.0
-388.8697680000347	0.0
-388.35776800003475	0.0
-387.8457680000348	0.0
-387.33376800003487	0.0
-386.8217680000349	0.0
-386.309768000035	0.0
-385.79776800003503	0.0
-385.2857680000351	0.0
-384.77376800003515	0.0
-384.2617680000352	0.0
-383.74976800003526	0.0
-383.2377680000353	0.0
-382.7257680000354	0.0
-382.21376800003543	0.0
-381.7017680000355	0.0
-381.18976800003554	0.0
-380.6777680000356	0.0
-380.16576800003565	0.0
-379.6537680000357	0.0
-379.14176800003577	0.0
-378.6297680000358	0.0
-378.1177680000359	0.0
-377.60576800003594	0.0
-377.093768000036	0.0
-376.58176800003605	0.0
-376.0697680000361	0.0
-375.55776800003616	0.0
-375.0457680000362	0.0
-374.5337680000363	0.0
-374.02176800003633	0.0
-373.5097680000364	0.0
-372.99776800003644	0.0
-372.4857680000365	0.0
-371.97376800003656	0.0
-371.4617680000366	0.0
-370.94976800003667	0.0
-370.4377680000367	0.0
-369.9257680000368	0.0
-369.41376800003684	0.0
-368.9017680000369	0.0
-368.38976800003695	0.0
-367.877768000037	0.0
-367.36576800003706	0.0
-366.8537680000371	0.0
-366.3417680000372	0.0
-365.82976800003723	0.0
-365.3177680000373	0.0
-364.80576800003735	0.0
-364.2937680000374	0.0
-363.78176800003746	0.0
-363.2697680000375	0.0
-362.7577680000376	0.0
-362.24576800003763	0.0
-361.7337680000377	0.0
-361.22176800003774	0.0
-360.7097680000378	0.0
-360.19776800003785	0.0
-359.6857680000379	0.0
-359.17376800003797	0.0
-358.661768000038	0.0
-358.1497680000381	0.0
-357.63776800003814	0.0
-357.1257680000382	0.0
-356.61376800003825	0.0
-356.1017680000383	0.0
-355.58976800003836	0.0
-355.0777680000384	0.0
-354.5657680000385	0.0
-354.05376800003853	0.0
-353.5417680000386	0.0
-353.02976800003864	0.0
-352.5177680000387	0.0
-352.00576800003876	0.0
-351.4937680000388	0.0
-350.98176800003887	0.0
-350.4697680000389	0.0
-349.957768000039	0.0
-349.44576800003904	0.0
-348.9337680000391	0.0
-348.42176800003915	0.0
-347.9097680000392	0.0
-347.39776800003926	0.0
-346.8857680000393	0.0
-346.3737680000394	0.0
-345.86176800003943	0.0
-345.3497680000395	0.0
-344.83776800003955	0.0
-344.3257680000396	0.0
-343.81376800003966	0.0
-343.3017680000397	0.0
-342.78976800003977	0.0
-342.2777680000398	0.0
-341.7657680000399	0.0
-341.25376800003994	0.0
-340.74176800004	0.0
-340.22976800004005	0.0
-339.7177680000401	0.0
-339.20576800004017	0.0
-338.6937680000402	0.0
-338.1817680000403	0.0
-337.66976800004034	0.0
-337.1577680000404	0.0
-336.64576800004045	0.0
-336.1337680000405	0.0
-335.62176800004056	0.0
-335.1097680000406	0.0
-334.5977680000407	0.0
-334.08576800004073	0.0
-333.5737680000408	0.0
-333.06176800004084	0.0
-332.5497680000409	0.0
-332.03776800004096	0.0
-331.525768000041	0.0
-331.01376800004107	0.0
-330.5017680000411	0.0
-329.9897680000412	0.0
-329.47776800004124	0.0
-328.9657680000413	0.0
-328.45376800004135	0.0
-327.9417680000414	0.0
-327.42976800004146	0.0
-326.9177680000415	0.0
-326.4057680000416	0.0
-325.89376800004163	0.0
-325.3817680000417	0.0
-324.86976800004174	0.0
-324.3577680000418	0.0
-323.84576800004186	0.0
-323.3337680000419	0.0
-322.82176800004197	0.0
-322.309768000042	0.0
-321.7977680000421	0.0
-321.28576800004214	0.0
-320.7737680000422	0.0
-320.26176800004225	0.0
-319.7497680000423	0.0
-319.23776800004237	0.0
-318.7257680000424	0.0
-318.2137680000425	0.0
-317.70176800004253	0.0
-317.1897680000426	0.0
-316.67776800004265	0.0
-316.1657680000427	0.0
-315.65376800004276	0.0
-315.1417680000428	0.0
-314.6297680000429	0.0
-314.11776800004293	0.0
-313.605768000043	0.0
-313.09376800004304	0.0
-312.5817680000431	0.0
-312.06976800004315	0.0
-311.5577680000432	0.0
-311.04576800004327	0.0
-310.5337680000433	0.0
-310.0217680000434	0.0
-309.50976800004344	0.0
-308.9977680000435	0.0
-308.48576800004355	0.0
-307.9737680000436	0.0
-307.46176800004366	0.0
-306.9497680000437	0.0
-306.4377680000438	0.0
-305.92576800004383	0.0
-305.4137680000439	0.0
-304.90176800004394	0.0
-304.389768000044	0.0
-303.87776800004406	0.0
-303.3657680000441	0.0
-302.85376800004417	0.0
-302.3417680000442	0.0
-301.8297680000443	0.0
-301.31776800004434	0.0
-300.8057680000444	0.0
-300.29376800004445	0.0
-299.7817680000445	0.0
-299.26976800004456	0.0
-298.7577680000446	0.0
-298.2457680000447	0.0
-297.73376800004473	0.0
-297.2217680000448	0.0
-296.70976800004485	0.0
-296.1977680000449	0.0
-295.68576800004496	0.0
-295.173768000045	0.0
-294.6617680000451	0.0
-294.1497680000451	0.0
-293.6377680000452	0.0
-293.12576800004524	0.0
-292.6137680000453	0.0
-292.10176800004535	0.0
-291.5897680000454	0.0
-291.07776800004547	0.0
-290.5657680000455	0.0
-290.0537680000456	0.0
-289.54176800004564	0.0
-289.0297680000457	0.0
-288.51776800004575	0.0
-288.0057680000458	0.0
-287.49376800004586	0.0
-286.9817680000459	0.0
-286.469768000046	0.0
-285.95776800004603	0.0
-285.4457680000461	0.0
-284.93376800004614	0.0
-284.4217680000462	0.0
-283.90976800004626	0.0
-283.3977680000463	0.0
-282.88576800004637	0.0
-282.3737680000464	0.0
-281.8617680000465	0.0
-281.34976800004654	0.0
-280.8377680000466	0.0
-280.32576800004665	0.0
-279.8137680000467	0.0
-279.30176800004676	0.0
-278.7897680000468	0.0
-278.2777680000469	0.0
-277.76576800004693	0.0
-277.253768000047	0.0
-276.74176800004705	0.0
-276.2297680000471	0.0
-275.71776800004716	0.0
-275.2057680000472	0.0
-274.69376800004727	0.0
-274.1817680000473	0.0
-273.6697680000474	0.0
-273.15776800004744	0.0
-272.6457680000475	0.0
-272.13376800004755	0.0
-271.6217680000476	0.0
-271.10976800004767	0.0
-270.5977680000477	0.0
-270.0857680000478	0.0
-269.57376800004783	0.0
-269.0617680000479	0.0
-268.54976800004795	0.0
-268.037768000048	0.0
-267.52576800004806	0.0
-267.0137680000481	0.0
-266.5017680000482	0.0
-265.98976800004823	0.0
-265.4777680000483	0.0
-264.96576800004834	0.0
-264.4537680000484	0.0
-263.94176800004846	0.0
-263.4297680000485	0.0
-262.91776800004857	0.0
-262.4057680000486	0.0
-261.8937680000487	0.0
-261.38176800004874	0.0
-260.8697680000488	0.0
-260.35776800004885	0.0
-259.8457680000489	0.0
-259.33376800004896	0.0
-258.821768000049	0.0
-258.3097680000491	0.0
-257.79776800004913	0.0
-257.2857680000492	0.0
-256.77376800004924	0.0
-256.2617680000493	0.0
-255.74976800004936	0.0
-255.2377680000494	0.0
-254.72576800004947	0.0
-254.21376800004953	0.0
-253.70176800004958	0.0
-253.18976800004964	0.0
-252.6777680000497	0.0
-252.16576800004975	0.0
-251.6537680000498	0.0
-251.14176800004986	0.0
-250.62976800004992	0.0
-250.11776800004998	0.0
-249.60576800005003	0.0
-249.0937680000501	0.0
-248.58176800005015	0.0
-248.0697680000502	0.0
-247.55776800005026	0.0
-247.04576800005032	0.0
-246.53376800005037	0.0
-246.02176800005043	0.0
-245.50976800005049	0.0
-244.99776800005054	0.0
-244.4857680000506	0.0
-243.97376800005065	0.0
-243.4617680000507	0.0
-242.94976800005077	0.0
-242.43776800005082	0.0
-241.92576800005088	0.0
-241.41376800005094	0.0
-240.901768000051	0.0
-240.38976800005105	0.0
-239.8777680000511	0.0
-239.36576800005116	0.0
-238.85376800005122	0.0
-238.34176800005127	0.0
-237.82976800005133	0.0
-237.3177680000514	0.0
-236.80576800005144	0.0
-236.2937680000515	0.0
-235.78176800005156	0.0
-235.2697680000516	0.0
-234.75776800005167	0.0
-234.24576800005173	0.0
-233.73376800005178	0.0
-233.22176800005184	0.0
-232.7097680000519	0.0
-232.19776800005195	0.0
-231.685768000052	0.0
-231.17376800005206	0.0
-230.66176800005212	0.0
-230.14976800005218	0.0
-229.63776800005223	0.0
-229.1257680000523	0.0
-228.61376800005235	0.0
-228.1017680000524	0.0
-227.58976800005246	0.0
-227.07776800005252	0.0
-226.56576800005257	0.0
-226.05376800005263	0.0
-225.54176800005268	0.0
-225.02976800005274	0.0
-224.5177680000528	0.0
-224.00576800005285	0.0
-223.4937680000529	0.0
-222.98176800005297	0.0
-222.46976800005302	0.0
-221.95776800005308	0.0
-221.44576800005314	0.0
-220.9337680000532	0.0
-220.42176800005325	0.0
-219.9097680000533	0.0
-219.39776800005336	0.0
-218.88576800005342	0.0
-218.37376800005347	0.0
-217.86176800005353	0.0
-217.3497680000536	0.0
-216.83776800005364	0.0
-216.3257680000537	0.0
-215.81376800005376	0.0
-215.3017680000538	0.0
-214.78976800005387	0.0
-214.27776800005392	0.0
-213.76576800005398	0.0
-213.25376800005404	0.0
-212.7417680000541	0.0
-212.22976800005415	0.0
-211.7177680000542	0.0
-211.20576800005426	0.0
-210.69376800005432	0.0
-210.18176800005438	0.0
-209.66976800005443	0.0
-209.1577680000545	0.0
-208.64576800005455	0.0
-208.1337680000546	0.0
-207.62176800005466	0.0
-207.10976800005471	0.0
-206.59776800005477	0.0
-206.08576800005483	0.0
-205.57376800005488	0.0
-205.06176800005494	0.0
-204.549768000055	0.0
-204.03776800005505	0.0
-203.5257680000551	0.0
-203.01376800005517	0.0
-202.50176800005522	0.0
-201.98976800005528	0.0
-201.47776800005533	0.0
-200.9657680000554	0.0
-200.45376800005545	0.0
-199.9417680000555	0.0
-199.42976800005556	0.0
-198.91776800005562	0.0
-198.40576800005567	0.0
-197.89376800005573	0.0
-197.38176800005579	0.0
-196.86976800005584	0.0
-196.3577680000559	0.0
-195.84576800005595	0.0
-195.333768000056	0.0
-194.82176800005607	0.0
-194.30976800005612	0.0
-193.79776800005618	0.0
-193.28576800005624	0.0
-192.7737680000563	0.0
-192.26176800005635	0.0
-191.7497680000564	0.0
-191.23776800005646	0.0
-190.72576800005652	0.0
-190.21376800005658	0.0
-189.70176800005663	0.0
-189.1897680000567	0.0
-188.67776800005674	0.0
-188.1657680000568	0.0
-187.65376800005686	0.0
-187.1417680000569	0.0
-186.62976800005697	0.0
-186.11776800005703	0.0
-185.60576800005708	0.0
-185.09376800005714	0.0
-184.5817680000572	0.0
-184.06976800005725	0.0
-183.5577680000573	0.0
-183.04576800005736	0.0
-182.53376800005742	0.0
-182.02176800005748	0.0
-181.50976800005753	0.0
-180.9977680000576	0.0
-180.48576800005765	0.0
-179.9737680000577	0.0
-179.46176800005776	0.0
-178.94976800005782	0.0
-178.43776800005787	0.0
-177.92576800005793	0.0
-177.41376800005798	0.0
-176.90176800005804	0.0
-176.3897680000581	0.0
-175.87776800005815	0.0
-175.3657680000582	0.0
-174.85376800005827	0.0
-174.34176800005832	0.0
-173.82976800005838	0.0
-173.31776800005844	0.0
-172.8057680000585	0.0
-172.29376800005855	0.0
-171.7817680000586	0.0
-171.26976800005866	0.0
-170.75776800005872	0.0
-170.24576800005877	0.0
-169.73376800005883	0.0
-169.2217680000589	0.0
-168.70976800005894	0.0
-168.197768000059	0.0
-167.68576800005906	0.0
-167.1737680000591	0.0
-166.66176800005917	0.0
-166.14976800005923	0.0
-165.63776800005928	0.0
-165.12576800005934	0.0
-164.6137680000594	0.0
-164.10176800005945	0.0
-163.5897680000595	0.0
-163.07776800005956	0.0
-162.56576800005962	0.0
-162.05376800005968	0.0
-161.54176800005973	0.0
-161.0297680000598	0.0
-160.51776800005985	0.0
-160.0057680000599	0.0
-159.49376800005996	0.0
-158.98176800006001	0.0
-158.46976800006007	0.0
-157.95776800006013	0.0
-157.44576800006018	0.0
-156.93376800006024	0.0
-156.4217680000603	0.0
-155.90976800006035	0.0
-155.3977680000604	0.0
-154.88576800006047	0.0
-154.37376800006052	0.0
-153.86176800006058	0.0
-153.34976800006064	0.0
-152.8377680000607	0.0
-152.32576800006075	0.0
-151.8137680000608	0.0
-151.30176800006086	0.0
-150.78976800006092	0.0
-150.27776800006097	0.0
-149.76576800006103	0.0
-149.2537680000611	0.0
-148.74176800006114	0.0
-148.2297680000612	0.0
-147.71776800006126	0.0
-147.2057680000613	0.0
-146.69376800006137	0.0
-146.18176800006142	0.0
-145.66976800006148	0.0
-145.15776800006154	0.0
-144.6457680000616	0.0
-144.13376800006165	0.0
-143.6217680000617	0.0
-143.10976800006176	0.0
-142.59776800006182	0.0
-142.08576800006188	0.0
-141.57376800006193	0.0
-141.061768000062	0.0
-140.54976800006204	0.0
-140.0377680000621	0.0
-139.52576800006216	0.0
-139.0137680000622	0.0
-138.50176800006227	0.0
-137.98976800006233	0.0
-137.47776800006238	0.0
-136.96576800006244	0.0
-136.4537680000625	0.0
-135.94176800006255	0.0
-135.4297680000626	0.0
-134.91776800006267	0.0
-134.40576800006272	0.0
-133.89376800006278	0.0
-133.38176800006283	0.0
-132.8697680000629	0.0
-132.35776800006295	0.0
-131.845768000063	0.0
-131.33376800006306	0.0
-130.82176800006312	0.0
-130.30976800006317	0.0
-129.79776800006323	0.0
-129.28576800006329	0.0
-128.77376800006334	0.0
-128.2617680000634	0.0
-127.74976800006345	0.0
-127.23776800006351	0.0
-126.72576800006357	0.0
-126.21376800006362	0.0
-125.70176800006368	0.0
-125.18976800006374	0.0
-124.6777680000638	0.0
-124.16576800006385	0.0
-123.6537680000639	0.0
-123.14176800006396	0.0
-122.62976800006402	0.0
-122.11776800006407	0.0
-121.60576800006413	0.0
-121.09376800006419	0.0
-120.58176800006424	0.0
-120.0697680000643	0.0
-119.55776800006436	0.0
-119.04576800006441	0.0
-118.53376800006447	0.0
-118.02176800006453	0.0
-117.50976800006458	0.0
-116.99776800006464	0.0
-116.4857680000647	0.0
-115.97376800006475	0.0
-115.46176800006481	0.0
-114.94976800006486	0.0
-114.43776800006492	0.0
-113.92576800006498	0.0
-113.41376800006503	0.0
-112.90176800006509	0.0
-112.38976800006515	0.0
-111.8777680000652	0.0
-111.36576800006526	0.0
-110.85376800006532	0.0
-110.34176800006537	0.0
-109.82976800006543	0.0
-109.31776800006548	0.0
-108.80576800006554	0.0
-108.2937680000656	0.0
-107.78176800006565	0.0
-107.26976800006571	0.0
-106.75776800006577	0.0
-106.24576800006582	0.0
-105.73376800006588	0.0
-105.22176800006594	0.0
-104.70976800006599	0.0
-104.19776800006605	0.0
-103.6857680000661	0.0
-103.17376800006616	0.0
-102.66176800006622	0.0
-102.14976800006627	0.0
-101.63776800006633	0.0
-101.12576800006639	0.0
-100.61376800006644	0.0
-100.1017680000665	0.0
-99.58976800006656	0.0
-99.07776800006661	0.0
-98.56576800006667	0.0
-98.05376800006673	0.0
-97.54176800006678	0.0
-97.02976800006684	0.0
-96.5177680000669	0.0
-96.00576800006695	0.0
-95.493768000067	0.0
-94.98176800006706	0.0
-94.46976800006712	0.0
-93.95776800006718	0.0
-93.44576800006723	0.0
-92.93376800006729	0.0
-92.42176800006735	0.0
-91.9097680000674	0.0
-91.39776800006746	0.0
-90.88576800006751	0.0
-90.37376800006757	0.0
-89.86176800006763	0.0
-89.34976800006768	0.0
-88.83776800006774	0.0
-88.3257680000678	0.0
-87.81376800006785	0.0
-87.30176800006791	0.0
-86.78976800006797	0.0
-86.27776800006802	0.0
-85.76576800006808	0.0
-85.25376800006813	0.0
-84.74176800006819	0.0
-84.22976800006825	0.0
-83.7177680000683	0.0
-83.20576800006836	0.0
-82.69376800006842	0.0
-82.18176800006847	0.0
-81.66976800006853	0.0
-81.15776800006859	0.0
-80.64576800006864	0.0
-80.1337680000687	0.0
-79.62176800006876	0.0
-79.10976800006881	0.0
-78.59776800006887	0.0
-78.08576800006892	0.0
-77.57376800006898	0.0
-77.06176800006904	0.0
-76.5497680000691	0.0
-76.03776800006915	0.0
-75.5257680000692	0.0
-75.01376800006926	0.0
-74.50176800006932	0.0
-73.98976800006938	0.0
-73.47776800006943	0.0
-72.96576800006949	0.0
-72.45376800006954	0.0
-71.9417680000696	0.0
-71.42976800006966	0.0
-70.91776800006971	0.0
-70.40576800006977	0.0
-69.89376800006983	0.0
-69.38176800006988	0.0
-68.86976800006994	0.0
-68.35776800007	0.0
-67.84576800007005	0.0
-67.33376800007011	0.0
-66.82176800007016	0.0
-66.30976800007022	0.0
-65.79776800007028	0.0
-65.28576800007033	0.0
-64.77376800007039	0.0
-64.26176800007045	0.0
-63.7497680000705	0.0
-63.23776800007056	0.0
-62.725768000070616	0.0
-62.21376800007067	0.0
-61.70176800007073	0.0
-61.189768000070785	0.0
-60.67776800007084	0.0
-60.1657680000709	0.0
-59.653768000070954	0.0
-59.14176800007101	0.0
-58.62976800007107	0.0
-58.11776800007112	0.0
-57.60576800007118	0.0
-57.093768000071236	0.0
-56.58176800007129	0.0
-56.06976800007135	0.0
-55.557768000071405	0.0
-55.04576800007146	0.0
-54.53376800007152	0.0
-54.021768000071575	0.0
-53.50976800007163	0.0
-52.99776800007169	0.0
-52.485768000071744	0.0
-51.9737680000718	0.0
-51.46176800007186	0.0
-50.94976800007191	0.0
-50.43776800007197	0.0
-49.925768000072026	0.0
-49.41376800007208	0.0
-48.90176800007214	0.0
-48.389768000072195	0.0
-47.87776800007225	0.0
-47.36576800007231	0.0
-46.853768000072364	0.0
-46.34176800007242	0.0
-45.82976800007248	0.0
-45.31776800007253	0.0
-44.80576800007259	0.0
-44.293768000072646	0.0
-43.7817680000727	0.0
-43.26976800007276	0.0
-42.757768000072815	0.0
-42.24576800007287	0.0
-41.73376800007293	0.0
-41.221768000072984	0.0
-40.70976800007304	0.0
-40.1977680000731	0.0
-39.68576800007315	0.0
-39.17376800007321	0.0
-38.661768000073266	0.0
-38.14976800007332	0.0
-37.63776800007338	0.0
-37.125768000073435	0.0
-36.61376800007349	0.0
-36.10176800007355	0.0
-35.589768000073605	0.0
-35.07776800007366	0.0
-34.56576800007372	0.0
-34.053768000073774	0.0
-33.54176800007383	0.0
-33.02976800007389	0.0
-32.51776800007394	0.0
-32.005768000074	0.0
-31.493768000074056	0.0
-30.981768000074112	0.0
-30.46976800007417	0.0
-29.957768000074225	0.0
-29.44576800007428	0.0
-28.933768000074338	0.0
-28.421768000074394	0.0
-27.90976800007445	0.0
-27.397768000074507	0.0
-26.885768000074563	0.0
-26.37376800007462	0.0
-25.861768000074676	0.0
-25.349768000074732	0.0
-24.83776800007479	0.0
-24.325768000074845	0.0
-23.8137680000749	0.0
-23.301768000074958	0.0
-22.789768000075014	0.0
-22.27776800007507	0.0
-21.765768000075127	0.0
-21.253768000075183	0.0
-20.74176800007524	0.0
-20.229768000075296	0.0
-19.717768000075353	0.0
-19.20576800007541	0.0
-18.693768000075465	0.0
-18.18176800007552	0.0
-17.669768000075578	0.0
-17.157768000075635	0.0
-16.64576800007569	0.0
-16.133768000075747	0.0
-15.621768000075804	0.0
-15.10976800007586	0.0
-14.597768000075916	0.0
-14.085768000075973	0.0
-13.57376800007603	0.0
-13.061768000076086	0.0
-12.549768000076142	0.0
-12.037768000076198	0.0
-11.525768000076255	0.0
-11.013768000076311	0.0
-10.501768000076368	0.0
-9.989768000076424	0.0
-9.47776800007648	0.0
-8.965768000076537	0.0
-8.453768000076593	0.0
-7.9417680000766495	0.0
-7.429768000076706	0.0
-6.917768000076762	0.0
-6.405768000076819	0.0
-5.893768000076875	0.0
-5.3817680000769315	0.0
-4.869768000076988	0.0
-4.357768000077044	0.0
-3.8457680000771006	0.0
-3.333768000077157	0.0
-2.8217680000772134	0.0
-2.30976800007727	0.0
-1.7977680000773262	0.0
-1.2857680000773826	0.0
-0.773768000077439	0.0
-0.26176800007749534	0.0
0.25023199992244827	0.0703124649582139
0.7622319999223919	0.084887793586788
1.2742319999223355	0.0820537019090097
1.786231999922279	0.08374066124102059
2.2982319999222227	0.08077161281668142
2.8102319999221663	0.08536014219975105
3.32223199992211	0.07544082132752701
3.8342319999220535	0.07739769415265964
4.346231999921997	0.0744961241016009
4.858231999921941	0.0809065695632423
5.370231999921884	0.07699282391297703
5.882231999921828	0.08151387492276621
6.394231999921772	0.07915213185795096
6.906231999921715	0.08448292334710539
7.418231999921659	0.0782749130053053
7.930231999921602	0.08185126678916839
8.442231999921546	0.0792196102312314
8.95423199992149	0.08313335588149667
9.466231999921433	0.08009682908387707
9.978231999921377	0.07982691559075532
10.49023199992132	0.0829983991349358
11.002231999921264	0.080704134443401
11.514231999921208	0.0788147399915488
12.026231999921151	0.08023178583043794
12.538231999921095	0.07557577807408788
13.050231999921039	0.0801643074571575
13.562231999920982	0.08367318286774016
14.074231999920926	0.08151387492276621
14.58623199992087	0.07861230487170748
15.098231999920813	0.07753265089922051
15.610231999920757	0.08407805310742276
16.1222319999207	0.08191874516244883
16.634231999920644	0.08151387492276621
17.146231999920587	0.08347074774789885
17.65823199992053	0.08077161281668142
18.170231999920475	0.0811090046830836
18.68223199992042	0.07652047530001398
19.194231999920362	0.07982691559075532
19.706231999920305	0.08610240430583584
20.21823199992025	0.08009682908387707
20.730231999920193	0.08367318286774016
21.242231999920136	0.08313335588149667
21.75423199992008	0.08522518545319017
22.266231999920024	0.08185126678916839
22.778231999919967	0.08812675550424891
23.29023199991991	0.08326831262805753
23.802231999919854	0.08475283684022712
24.314231999919798	0.07658795367329442
24.82623199991974	0.08434796660054451
25.338231999919685	0.08266100726853362
25.85023199991963	0.08232361540213144
26.362231999919572	0.07746517252594008
26.874231999919516	0.0829983991349358
27.38623199991946	0.08252605052197275
27.898231999919403	0.08556257731959235
28.410231999919347	0.07834239137858574
28.92223199991929	0.08326831262805753
29.434231999919234	0.07996187233731619
29.946231999919178	0.08293092076165536
30.45823199991912	0.08158135329604665
30.970231999919065	0.08266100726853362
31.48223199991901	0.0782749130053053
31.994231999918952	0.07982691559075532
32.506231999918896	0.0820537019090097
33.01823199991884	0.07436116735504004
33.53023199991878	0.08050169932355968
34.04223199991873	0.080704134443401
34.55423199991867	0.0782749130053053
35.066231999918614	0.07780256439234226
35.57823199991856	0.08374066124102059
36.0902319999185	0.07631804018017267
36.602231999918445	0.08272848564181405
37.11423199991839	0.08124396142964448
37.62623199991833	0.0813114398029249
38.138231999918276	0.08097404793652273
38.65023199991822	0.08239109377541187
39.16223199991816	0.08043422095027924
39.674231999918106	0.07894969673810966
40.18623199991805	0.07867978324498792
40.698231999917994	0.08441544497382494
41.21023199991794	0.07935456697779228
41.72223199991788	0.08455040172038582
42.234231999917824	0.078072477885464
42.74623199991777	0.08272848564181405
43.25823199991771	0.08475283684022712
43.770231999917655	0.08151387492276621
44.2822319999176	0.08266100726853362
44.79423199991754	0.08212118028229014
45.306231999917486	0.08050169932355968
45.81823199991743	0.08252605052197275
46.33023199991737	0.0811090046830836
46.84223199991732	0.0850902287066293
47.35423199991726	0.07996187233731619
47.866231999917204	0.08704710153176193
48.37823199991715	0.07975943721747489
48.89023199991709	0.08191874516244883
49.402231999917035	0.0771277806595379
49.91423199991698	0.08252605052197275
50.42623199991692	0.08374066124102059
50.938231999916866	0.08097404793652273
51.45023199991681	0.0801643074571575
51.96223199991675	0.08347074774789885
52.4742319999167	0.08104152630980316
52.98623199991664	0.08191874516244883
53.498231999916584	0.07840986975186617
54.01023199991653	0.07780256439234226
54.52223199991647	0.08441544497382494
55.034231999916415	0.0811090046830836
55.54623199991636	0.08077161281668142
56.0582319999163	0.08326831262805753
56.570231999916246	0.07631804018017267
57.08223199991619	0.07854482649842705
57.59423199991613	0.08293092076165536
58.106231999916076	0.0782749130053053
58.61823199991602	0.0813114398029249
59.130231999915964	0.07672291041985528
59.64223199991591	0.08333579100133798
60.15423199991585	0.07861230487170748
60.666231999915794	0.08151387492276621
61.17823199991574	0.08164883166932708
61.69023199991568	0.08036674257699881
62.202231999915625	0.08576501243943366
62.71423199991557	0.08144639654948578
63.22623199991551	0.08225613702885101
63.738231999915456	0.08610240430583584
64.2502319999154	0.08286344238837492
64.76223199991534	0.08333579100133798
65.27423199991529	0.08002935071059664
65.78623199991523	0.07915213185795096
66.29823199991517	0.07894969673810966
66.81023199991512	0.07982691559075532
67.32223199991506	0.0813114398029249
67.834231999915	0.0832008342547771
68.34623199991495	0.08212118028229014
68.85823199991489	0.08353822612117928
69.37023199991484	0.07962448047091401
69.88223199991478	0.08455040172038582
70.39423199991472	0.0820537019090097
70.90623199991467	0.08495527196006843
71.41823199991461	0.08225613702885101
71.93023199991455	0.08225613702885101
72.4422319999145	0.08029926420371837
72.95423199991444	0.08374066124102059
73.46623199991438	0.078072477885464
73.97823199991433	0.07834239137858574
74.49023199991427	0.0761830834336118
75.00223199991422	0.08171631004260752
75.51423199991416	0.08394309636086189
76.0262319999141	0.08272848564181405
76.53823199991405	0.08144639654948578
77.05023199991399	0.07975943721747489
77.56223199991393	0.08293092076165536
78.07423199991388	0.084887793586788
78.58623199991382	0.0790171751113901
79.09823199991376	0.08050169932355968
79.61023199991371	0.0809065695632423
80.12223199991365	0.08185126678916839
80.6342319999136	0.08293092076165536
81.14623199991354	0.08043422095027924
81.65823199991348	0.0792196102312314
82.17023199991343	0.07739769415265964
82.68223199991337	0.08563005569287278
83.19423199991331	0.08029926420371837
83.70623199991326	0.08353822612117928
84.2182319999132	0.08340326937461841
84.73023199991314	0.08191874516244883
85.24223199991309	0.08144639654948578
85.75423199991303	0.08347074774789885
86.26623199991297	0.07645299692673355
86.77823199991292	0.07557577807408788
87.29023199991286	0.07550829970080744
87.8022319999128	0.08272848564181405
88.31423199991275	0.07800499951218356
88.8262319999127	0.08556257731959235
89.33823199991264	0.0827959640150945
89.85023199991258	0.08387561798758146
90.36223199991252	0.07665543204657485
90.87423199991247	0.08158135329604665
91.38623199991241	0.07652047530001398
91.89823199991235	0.08542762057303148
92.4102319999123	0.07834239137858574
92.92223199991224	0.08023178583043794
93.43423199991219	0.08306587750821623
93.94623199991213	0.0801643074571575
94.45823199991207	0.07402377548863787
94.97023199991202	0.08266100726853362
95.48223199991196	0.08191874516244883
95.9942319999119	0.08171631004260752
96.50623199991185	0.08468535846694669
97.01823199991179	0.0811090046830836
97.53023199991173	0.07928708860451184
98.04223199991168	0.08394309636086189
98.55423199991162	0.08421300985398364
99.06623199991157	0.0788147399915488
99.57823199991151	0.08178378841588796
100.09023199991145	0.08056917769684012
100.6022319999114	0.08461788009366625
101.11423199991134	0.07969195884419446
101.62623199991128	0.08050169932355968
102.13823199991123	0.08178378841588796
102.65023199991117	0.07996187233731619
103.16223199991111	0.07867978324498792
103.67423199991106	0.0813114398029249
104.186231999911	0.08002935071059664
104.69823199991094	0.08043422095027924
105.21023199991089	0.07820743463202487
105.72223199991083	0.08185126678916839
106.23423199991078	0.0759806483137705
106.74623199991072	0.07962448047091401
107.25823199991066	0.07584569156720962
107.7702319999106	0.07625056180689224
108.28223199991055	0.07544082132752701
108.7942319999105	0.07739769415265964
109.30623199991044	0.0790171751113901
109.81823199991038	0.07989439396403576
110.33023199991032	0.07260672964974871
110.84223199991027	0.07652047530001398
111.35423199991021	0.0740912538619183
111.86623199991016	0.0761830834336118
112.3782319999101	0.0719994242902248
112.89023199991004	0.07274168639630958
113.40223199990999	0.07537334295424658
113.91423199990993	0.08083909118996185
114.42623199990987	0.06896289749260519
114.93823199990982	0.07800499951218356
115.45023199990976	0.06700602466747256
115.9622319999097	0.07760012927250094
116.47423199990965	0.07476603759472265
116.98623199990959	0.07382134036879655
117.49823199990954	0.07078481357117695
118.01023199990948	0.0740912538619183
118.52223199990942	0.06943524610556824
119.03423199990937	0.07557577807408788
119.54623199990931	0.07463108084816178
120.05823199990925	0.07024498658493347
120.5702319999092	0.07348394850239438
121.08223199990914	0.0699075947185313
121.59423199990908	0.07274168639630958
122.10623199990903	0.07368638362223569
122.61823199990897	0.07017750821165303
123.13023199990891	0.07105472706429869
123.64223199990886	0.07152707567726174
124.1542319999088	0.06747837328043561
124.66623199990875	0.07058237845133565
125.17823199990869	0.06734341653387474
125.69023199990863	0.06720845978731387
126.20223199990858	0.07341647012911394
126.71423199990852	0.0703124649582139
127.22623199990846	0.0659263706949856
127.73823199990841	0.06957020285212911
128.25023199990835	0.06700602466747256
128.7622319999083	0.06761333002699647
129.27423199990824	0.06788324352011822
129.78623199990818	0.07085229194445739
130.29823199990813	0.0642394113629747
130.81023199990807	0.06639871930794863
131.322231999908	0.06687106792091169
131.83423199990796	0.06552150045530297
132.3462319999079	0.06268740877752468
132.85823199990784	0.06356462763017035
133.3702319999078	0.06039314408598987
133.88223199990773	0.06599384906826603
134.39423199990767	0.06187766829815945
134.90623199990762	0.06606132744154646
135.41823199990756	0.06160775480503771
135.9302319999075	0.06565645720186385
136.44223199990745	0.06336219251032904
136.9542319999074	0.06646619768122908
137.46623199990734	0.05985331709974638
137.97823199990728	0.06666863280107038
138.49023199990722	0.06288984389736599
139.00223199990717	0.06396949786985295
139.5142319999071	0.05992079547302682
140.02623199990705	0.06309227901720729
140.538231999907	0.05890861987382028
141.05023199990694	0.06295732227064642
141.56223199990688	0.06221506016456163
142.07423199990683	0.06039314408598987
142.58623199990677	0.06106792781879423
143.09823199990672	0.055399744463237637
143.61023199990666	0.06295732227064642
144.1222319999066	0.06133784131191597
144.63423199990655	0.05405017699762892
145.1462319999065	0.0593134901135029
145.65823199990643	0.05884114150053985
146.17023199990638	0.05978583872646595
146.68223199990632	0.05978583872646595
147.19423199990626	0.05560217958307894
147.7062319999062	0.057963922647894184
148.21823199990615	0.054590003983872405
148.7302319999061	0.059988273846307255
149.24223199990604	0.05283556627858108
149.75423199990598	0.055737136329639815
150.26623199990593	0.0564793984357246
150.77823199990587	0.059718360353185514
151.2902319999058	0.05027138809392453
151.80223199990576	0.057356617288370264
152.3142319999057	0.05229573929233759
152.82623199990564	0.05263313115873977
153.3382319999056	0.05391522025106805
153.85023199990553	0.05330791489154413
154.36223199990548	0.053712785131226744
154.87423199990542	0.050743736706887574
155.38623199990536	0.05114860694657019
155.8982319999053	0.05141852043969193
156.41023199990525	0.05263313115873977
156.9222319999052	0.056681833555565914
157.43423199990514	0.0513510420664115
157.94623199990508	0.056681833555565914
158.45823199990502	0.04905677737487669
158.97023199990497	0.05411765537090936
159.4822319999049	0.049799039480961475
159.99423199990486	0.05175591230609411
160.5062319999048	0.048584428761913635
161.01823199990474	0.05209330417249629
161.5302319999047	0.04898929900159625
162.04223199990463	0.04682999105662231
162.55423199990457	0.04750477478942667
163.06623199990452	0.0464251208169397
163.57823199990446	0.048584428761913635
164.0902319999044	0.049191734121437555
164.60223199990435	0.049191734121437555
165.1142319999043	0.044063377752124454
165.62623199990423	0.046155207323817955
166.13823199990418	0.04871938550847451
166.65023199990412	0.04622268569709839
167.16223199990407	0.04608772895053752
167.674231999904	0.044333291245246195
168.18623199990395	0.04392842100556358
168.6982319999039	0.04278128865979618
169.21023199990384	0.04473816148492881
169.72223199990378	0.045885293830696214
170.23423199990373	0.04392842100556358
170.74623199990367	0.04440076961852663
171.25823199990361	0.042308940046833124
171.77023199990356	0.04379346425900271
172.2822319999035	0.04365850751244184
172.79423199990345	0.04682999105662231
173.3062319999034	0.03839519439656786
173.81823199990333	0.0426463319132353
174.33023199990328	0.041364242820907025
174.84223199990322	0.041904069807150515
175.35423199990316	0.0394073699957744
175.8662319999031	0.041904069807150515
176.37823199990305	0.0414991995674679
176.890231999903	0.046492599190220134
177.40223199990294	0.04203902655371138
177.91423199990288	0.041094329327785284
178.42623199990283	0.03886754300953091
178.93823199990277	0.04305120215291792
179.4502319999027	0.03718058367752002
179.96223199990266	0.042308940046833124
180.4742319999026	0.0375179755439222
180.98623199990254	0.042241461673552694
181.4982319999025	0.03704562693095915
182.01023199990243	0.03785536741032437
182.52223199990237	0.036843191811117844
183.03423199990232	0.03718058367752002
183.54623199990226	0.036843191811117844
184.0582319999022	0.03502127573254608
184.57023199990215	0.03812528090344612
185.0822319999021	0.038327716023287425
185.59423199990204	0.0365732783179961
186.10623199990198	0.03920493487593309
186.61823199990192	0.03967728348889614
187.13023199990187	0.03549362434550913
187.6422319999018	0.036235886451593924
188.15423199990175	0.03427901362646129
188.6662319999017	0.036505799944715665
189.17823199990164	0.03380666501349824
189.69023199990158	0.03549362434550913
190.20223199990153	0.03346927314709606
190.71423199990147	0.036303364824874354
191.22623199990142	0.0325920542944504
191.73823199990136	0.03576353783863087
192.2502319999013	0.032659532667730834
192.76223199990125	0.03184979218836561
193.2742319999012	0.031107530082280815
193.78623199990113	0.03151240032196343
194.29823199990108	0.02948804912355036
194.81023199990102	0.03104005170900038
195.32223199990096	0.03299692453413301
195.8342319999009	0.032322140801328655
196.34623199990085	0.030905094962439508
196.8582319999008	0.034751362239424335
197.37023199990074	0.02915065725714818
197.88223199990068	0.03279448941429171
198.39423199990063	0.028678308644185132
198.90623199990057	0.02915065725714818
199.4182319999005	0.030770138215878637
199.93023199990046	0.03104005170900038
200.4422319999004	0.027598654671698163
200.95423199990034	0.03151240032196343
201.4662319999003	0.030500224722756895
201.97823199990023	0.02962300587011123
202.49023199990017	0.028678308644185132
203.00223199990012	0.028475873524343828
203.51423199990006	0.027396219551856858
204.0262319999	0.028071003284661212
204.53823199989995	0.025844216966406836
205.0502319998999	0.026788914192332935
205.56223199989984	0.028205960031222083
206.07423199989978	0.02874578701746557
206.58623199989972	0.028003524911380778
207.09823199989967	0.02753117629841773
207.6102319998996	0.027463697925137292
208.12223199989955	0.025844216966406836
208.6342319998995	0.02874578701746557
209.14623199989944	0.024562127874078563
209.65823199989939	0.025304389980163353
210.17023199989933	0.025304389980163353
210.68223199989927	0.025101954860322045
211.19423199989922	0.025574303473285095
211.70623199989916	0.024494649500798125
212.2182319998991	0.0267214358190525
212.73023199989905	0.0267214358190525
213.242231999899	0.025574303473285095
213.75423199989893	0.024494649500798125
214.26623199989888	0.025574303473285095
214.77823199989882	0.024494649500798125
215.29023199989877	0.022672733422226365
215.8022319998987	0.023887344141274205
216.31423199989865	0.022807690168787236
216.8262319998986	0.023414995528311156
217.33823199989854	0.021120730836776347
217.85023199989848	0.02132316595661765
218.36223199989843	0.02348247390159159
218.87423199989837	0.02301012528862854
219.3862319998983	0.024292214380956818
219.89823199989826	0.023280038781750285
220.4102319998982	0.02240281992910462
220.92223199989814	0.02287516854206767
221.4342319998981	0.020985774090215473
221.94623199989803	0.020985774090215473
222.45823199989798	0.0227402117955068
222.97023199989792	0.020513425477252423
223.48223199989786	0.020985774090215473
223.9942319998978	0.021862992942861138
224.50623199989775	0.02166055782301983
225.0182319998977	0.02044594710397199
225.53023199989764	0.01997359849100894
226.04223199989758	0.02071586059709373
226.55423199989752	0.02105325246349591
227.06623199989747	0.0197036849978872
227.5782319998974	0.02166055782301983
228.09023199989736	0.019906120117728503
228.6022319998973	0.02044594710397199
229.11423199989724	0.019433771504765454
229.6262319998972	0.018556552652119793
230.13823199989713	0.019163858011643713
230.65023199989707	0.018354117532278485
231.16223199989702	0.018016725665876306
231.67423199989696	0.017949247292595873
232.1862319998969	0.017746812172754565
232.69823199989685	0.018826466145241534
233.2102319998968	0.017476898679632823
233.72223199989674	0.018219160785717614
234.23423199989668	0.017476898679632823
234.74623199989662	0.018084204039156743
235.25823199989657	0.016532201453706725
235.7702319998965	0.018489074278839356
236.28223199989645	0.017274463559791516
236.7942319998964	0.01828663915899805
237.30623199989634	0.017274463559791516
237.81823199989628	0.016194809587304546
238.33023199989623	0.01552002585450019
238.84223199989617	0.01491272049497627
239.35423199989611	0.01612733121402411
239.86623199989606	0.016869593320108903
240.378231999896	0.01659967982698716
240.89023199989595	0.01720698518651108
241.4022319998959	0.014845242121695834
241.91423199989583	0.016329766333865417
242.42623199989578	0.014507850255293655
242.93823199989572	0.017139506813230645
243.45023199989566	0.01504767724153714
243.9622319998956	0.017139506813230645
244.47423199989555	0.016194809587304546
244.9862319998955	0.016329766333865417
245.49823199989544	0.015115155614817577
246.01023199989538	0.015115155614817577
246.52223199989533	0.015115155614817577
247.03423199989527	0.01552002585450019
247.5462319998952	0.015924896094182805
248.05823199989516	0.014642807001854528
248.5702319998951	0.015587504227780625
249.08223199989504	0.014102980015611041
249.594231999895	0.014237936762171914
250.10623199989493	0.013428196282806686
250.61823199989487	0.015857417720902368
251.13023199989482	0.01396802326905017
251.64223199989476	0.013698109775928429
252.1542319998947	0.01167375857751536
252.66623199989465	0.013495674656087121
253.1782319998946	0.012955847669843637
253.69023199989454	0.014035501642330606
254.20223199989448	0.009716885752382727
254.71423199989442	0.012685934176721893
255.22623199989437	0.012550977430161023
255.7382319998943	0.012281063937039281
256.25023199989425	0.012618455803441458
256.7622319998942	0.012550977430161023
257.27423199989414	0.013495674656087121
257.7862319998941	0.012348542310319717
258.298231999894	0.010729061351589261
258.810231999894	0.013293239536245815
259.3222319998939	0.010054277618784906
259.83423199989386	0.010864018098150133
260.3462319998938	0.010324191111906649
260.85823199989375	0.012281063937039281
261.3702319998937	0.01045914785846752
261.88223199989363	0.011943672070637103
262.3942319998936	0.012078628817197973
262.9062319998935	0.01045914785846752
263.41823199989346	0.010998974844711004
263.9302319998934	0.01167375857751536
264.44223199989335	0.011336366711113183
264.9542319998933	0.011943672070637103
265.46623199989324	0.009581929005821856
265.9782319998932	0.010391669485187084
266.4902319998931	0.010998974844711004
267.00223199989307	0.009716885752382727
267.514231999893	0.01106645321799144
268.02623199989296	0.01059410460502839
268.5382319998929	0.009784364125663162
269.05023199989284	0.00998679924550447
269.5622319998928	0.009919320872224035
270.07423199989273	0.009716885752382727
270.5862319998927	0.010189234365345776
271.0982319998926	0.009649407379102292
271.61023199989256	0.010256712738626212
272.1222319998925	0.009312015512700113
272.63423199989245	0.008974623646297936
273.1462319998924	0.009446972259260986
273.65823199989234	0.009716885752382727
274.1702319998923	0.007760012927250095
274.6822319998922	0.009649407379102292
275.19423199989217	0.007962448047091402
275.7062319998921	0.008704710153176193
276.21823199989205	0.008569753406615322
276.730231999892	0.00722018594100661
277.24223199989194	0.008569753406615322
277.7542319998919	0.008502275033334887
278.26623199989183	0.008839666899737064
278.7782319998918	0.008907145273017501
279.2902319998917	0.008637231779895758
279.80223199989166	0.008164883166932708
280.3142319998916	0.008232361540213144
280.82623199989155	0.00722018594100661
281.3382319998915	0.007962448047091402
281.85023199989143	0.009514450632541421
282.3622319998914	0.007017750821165303
282.8742319998913	0.009244537139419678
283.38623199989127	0.007085229194445739
283.8982319998912	0.007760012927250095
284.41023199989115	0.0073551426875674815
284.9222319998911	0.0075575778074087885
285.43423199989104	0.006882794074604432
285.946231999891	0.008232361540213144
286.4582319998909	0.007760012927250095
286.97023199989087	0.007625056180689224
287.4822319998908	0.006410445461641383
287.99423199989076	0.007760012927250095
288.5062319998907	0.007625056180689224
289.01823199989065	0.006275488715080511
289.5302319998906	0.007085229194445739
290.04223199989053	0.00661288058148269
290.5542319998905	0.005938096848678334
291.0662319998904	0.007894969673810965
291.57823199989036	0.007085229194445739
292.0902319998903	0.006747837328043561
292.60223199989025	0.006680358954763125
293.1142319998902	0.005803140102117462
293.62623199989014	0.006342967088360947
294.1382319998901	0.005803140102117462
294.65023199989	0.006545402208202254
295.16223199988997	0.004723486129630493
295.6742319998899	0.006545402208202254
296.18623199988986	0.0052633131158739774
296.6982319998898	0.005803140102117462
297.21023199988974	0.005668183355556591
297.7222319998897	0.00553322660899572
298.23423199988963	0.0058706184753978975
298.7462319998896	0.005465748235715284
299.2582319998895	0.0058706184753978975
299.77023199988946	0.005600704982276155
300.2822319998894	0.006477923834921818
300.79423199988935	0.0058706184753978975
301.3062319998893	0.005128356369313106
301.81823199988924	0.005600704982276155
302.3302319998892	0.004588529383069621
302.8422319998891	0.00661288058148269
303.35423199988907	0.0049259212494718
303.866231999889	0.005938096848678334
304.37823199988895	0.005398269862434848
304.8902319998889	0.004790964502910928
305.40223199988884	0.0050608779960326705
305.9142319998888	0.004116180770106572
306.4262319998887	0.0052633131158739774
306.93823199988867	0.004183659143387007
307.4502319998886	0.005600704982276155
307.96223199988856	0.0033739186640217803
308.4742319998885	0.004723486129630493
308.98623199988845	0.0050608779960326705
309.4982319998884	0.004521051009789186
310.01023199988833	0.005195834742593542
310.5222319998883	0.0044535726365087505
311.0342319998882	0.004183659143387007
311.54623199988816	0.004386094263228314
312.0582319998881	0.004318615889947879
312.57023199988805	0.004318615889947879
313.082231999888	0.0049259212494718
313.59423199988794	0.003913745650265265
314.1062319998879	0.005465748235715284
314.6182319998878	0.004656007756350057
315.13023199988777	0.005465748235715284
315.6422319998877	0.0044535726365087505
316.15423199988766	0.0037787889037043942
316.6662319998876	0.0033739186640217803
317.17823199988754	0.004116180770106572
317.6902319998875	0.004386094263228314
318.20223199988743	0.003306440290741345
318.7142319998874	0.0042511375166674435
319.2262319998873	0.003913745650265265
319.73823199988726	0.003306440290741345
320.2502319998872	0.0038462672769848296
320.76223199988715	0.0033739186640217803
321.2742319998871	0.003981224023545701
321.78623199988704	0.003036526797619602
322.298231999887	0.002564178184656553
322.8102319998869	0.0040487023968261366
323.32223199988687	0.004521051009789186
323.8342319998868	0.0031714835441804734
324.34623199988675	0.0024966998113761176
324.8582319998867	0.003306440290741345
325.37023199988664	0.0024966998113761176
325.8822319998866	0.004183659143387007
326.39423199988653	0.0035088754105826515
326.9062319998865	0.003306440290741345
327.4182319998864	0.00276661330449786
327.93023199988636	0.003104005170900038
328.4422319998863	0.00276661330449786
328.95423199988625	0.0026316565579369887
329.4662319998862	0.0028340916777782957
329.97823199988613	0.003306440290741345
330.4902319998861	0.0023617430648152464
331.002231999886	0.0037787889037043942
331.51423199988596	0.002901570051058731
332.0262319998859	0.002969048424339167
332.53823199988585	0.0021593079449739394
333.0502319998858	0.0022267863182543752
333.56223199988574	0.003441397037302216
334.0742319998857	0.0026316565579369887
334.5862319998856	0.0018219160785717613
335.09823199988557	0.0022942646915348106
335.6102319998855	0.003306440290741345
336.12223199988546	0.003036526797619602
336.6342319998854	0.0024966998113761176
337.14623199988534	0.0024966998113761176
337.6582319998853	0.0021593079449739394
338.17023199988523	0.0024292214380956818
338.6822319998852	0.0037787889037043942
339.1942319998851	0.0023617430648152464
339.70623199988506	0.0024966998113761176
340.218231999885	0.002564178184656553
340.73023199988495	0.0018893944518521971
341.2422319998849	0.0024292214380956818
341.75423199988484	0.0022267863182543752
342.2662319998848	0.0019568728251326325
342.7782319998847	0.0023617430648152464
343.29023199988467	0.0018219160785717613
343.8022319998846	0.002901570051058731
344.31423199988456	0.002564178184656553
344.8262319998845	0.0020243511984130683
345.33823199988444	0.0026316565579369887
345.8502319998844	0.0023617430648152464
346.36223199988433	0.0019568728251326325
346.8742319998843	0.0022267863182543752
347.3862319998842	0.0020243511984130683
347.89823199988416	0.0022267863182543752
348.4102319998841	0.0018893944518521971
348.92223199988405	0.0017544377052913257
349.434231999884	0.0021593079449739394
349.94623199988393	0.0020918295716935036
350.4582319998839	0.0018219160785717613
350.9702319998838	0.0017544377052913257
351.48223199988377	0.0017544377052913257
351.9942319998837	0.0017544377052913257
352.50623199988365	0.0020243511984130683
353.0182319998836	0.002969048424339167
353.53023199988354	0.0014845242121695834
354.0422319998835	0.0014170458388891478
354.5542319998834	0.0023617430648152464
355.06623199988337	0.0018893944518521971
355.5782319998833	0.0020243511984130683
356.09023199988326	0.0020243511984130683
356.6022319998832	0.0021593079449739394
357.11423199988315	0.0017544377052913257
357.6262319998831	0.0018893944518521971
358.13823199988303	0.001552002585450019
358.650231999883	0.0022267863182543752
359.1622319998829	0.0019568728251326325
359.67423199988286	0.0009446972259260986
360.1862319998828	0.0020243511984130683
360.69823199988275	0.001552002585450019
361.2102319998827	0.0016869593320108902
361.72223199988264	0.0017544377052913257
362.2342319998826	0.0016869593320108902
362.7462319998825	0.0019568728251326325
363.25823199988247	0.0011471323457674053
363.7702319998824	0.001552002585450019
364.28223199988236	0.0016194809587304546
364.7942319998823	0.0016869593320108902
365.30623199988224	0.0014170458388891478
365.8182319998822	0.0016869593320108902
366.33023199988213	0.0016869593320108902
366.8422319998821	0.0014170458388891478
367.354231999882	0.0016194809587304546
367.86623199988196	0.0010796539724869697
368.3782319998819	0.0016194809587304546
368.89023199988185	0.0010121755992065341
369.4022319998818	0.0010121755992065341
369.91423199988174	0.001349567465608712
370.4262319998817	0.001349567465608712
370.9382319998816	0.0014170458388891478
371.45023199988157	0.0011471323457674053
371.9622319998815	0.0007422621060847917
372.47423199988145	0.0008772188526456629
372.9862319998814	0.0016194809587304546
373.49823199988134	0.0014170458388891478
374.0102319998813	0.0008097404793652273
374.5222319998812	0.0008772188526456629
375.0342319998812	0.001349567465608712
375.5462319998811	0.0008772188526456629
376.05823199988106	0.0009446972259260986
376.570231999881	0.001552002585450019
377.08223199988095	0.001552002585450019
377.5942319998809	0.0016194809587304546
378.10623199988083	0.0010796539724869697
378.6182319998808	0.0011471323457674053
379.1302319998807	0.001349567465608712
379.64223199988066	0.0007422621060847917
380.1542319998806	0.0010121755992065341
380.66623199988055	0.0007422621060847917
381.1782319998805	0.0011471323457674053
381.69023199988044	0.0008097404793652273
382.2022319998804	0.0014170458388891478
382.7142319998803	0.0010121755992065341
383.22623199988027	0.0012146107190478409
383.7382319998802	0.001349567465608712
384.25023199988016	0.0009446972259260986
384.7622319998801	0.0009446972259260986
385.27423199988004	0.0008097404793652273
385.78623199988	0.0014845242121695834
386.29823199987993	0.0008097404793652273
386.8102319998799	0.0012820890923282765
387.3222319998798	0.0010796539724869697
387.83423199987976	0.0008097404793652273
388.3462319998797	0.0009446972259260986
388.85823199987965	0.0008772188526456629
389.3702319998796	0.0010796539724869697
389.88223199987954	0.0011471323457674053
390.3942319998795	0.0007422621060847917
390.9062319998794	0.0008097404793652273
391.41823199987937	0.0005398269862434849
391.9302319998793	0.000674783732804356
392.44223199987925	0.0004723486129630493
392.9542319998792	0.00040487023968261365
393.46623199987914	0.0005398269862434849
393.9782319998791	0.001349567465608712
394.49023199987903	0.0006073053595239204
395.002231999879	0.0009446972259260986
395.5142319998789	0.0011471323457674053
396.02623199987886	0.0005398269862434849
396.5382319998788	0.0005398269862434849
397.05023199987875	0.0007422621060847917
397.5622319998787	0.0006073053595239204
398.07423199987863	0.0011471323457674053
398.5862319998786	0.0010796539724869697
399.0982319998785	0.0011471323457674053
399.61023199987847	0.001349567465608712
400.1222319998784	0.0006073053595239204
400.63423199987835	0.0008772188526456629
401.1462319998783	0.0012146107190478409
401.65823199987824	0.000674783732804356
402.1702319998782	0.0004723486129630493
402.6822319998781	0.0006073053595239204
403.19423199987807	0.0008097404793652273
403.706231999878	0.0006073053595239204
404.21823199987796	0.0007422621060847917
404.7302319998779	0.00026991349312174243
405.24223199987784	0.0006073053595239204
405.7542319998778	0.0007422621060847917
406.26623199987773	0.0009446972259260986
406.7782319998777	0.00040487023968261365
407.2902319998776	0.0004723486129630493
407.80223199987756	0.0005398269862434849
408.3142319998775	0.00040487023968261365
408.82623199987745	0.000674783732804356
409.3382319998774	0.0004723486129630493
409.85023199987734	0.0007422621060847917
410.3622319998773	0.0004723486129630493
410.8742319998772	0.000674783732804356
411.38623199987717	0.0009446972259260986
411.8982319998771	0.0007422621060847917
412.41023199987706	0.000337391866402178
412.922231999877	0.00040487023968261365
413.43423199987694	0.000337391866402178
413.9462319998769	0.0005398269862434849
414.45823199987683	0.0005398269862434849
414.9702319998768	0.000674783732804356
415.4822319998767	0.00040487023968261365
415.99423199987666	0.0006073053595239204
416.5062319998766	0.000337391866402178
417.01823199987655	0.0005398269862434849
417.5302319998765	0.00040487023968261365
418.04223199987644	0.0005398269862434849
418.5542319998764	0.0005398269862434849
419.0662319998763	0.0006073053595239204
419.57823199987627	0.00040487023968261365
420.0902319998762	0.00040487023968261365
420.60223199987615	0.0004723486129630493
421.1142319998761	0.0007422621060847917
421.62623199987604	0.0007422621060847917
422.138231999876	0.0005398269862434849
422.6502319998759	0.00020243511984130682
423.16223199987587	0.00020243511984130682
423.6742319998758	6.747837328043561e-05
424.18623199987576	0.00020243511984130682
424.6982319998757	0.0004723486129630493
425.21023199987565	0.00020243511984130682
425.7222319998756	0.00013495674656087122
426.23423199987553	0.00026991349312174243
426.7462319998755	0.0008097404793652273
427.2582319998754	0.000337391866402178
427.77023199987536	0.0005398269862434849
428.2822319998753	0.0006073053595239204
428.79423199987525	0.0004723486129630493
429.3062319998752	0.000337391866402178
429.81823199987514	0.000337391866402178
430.3302319998751	0.00020243511984130682
430.842231999875	0.0
431.35423199987497	0.00020243511984130682
431.8662319998749	0.00040487023968261365
432.37823199987486	0.00040487023968261365
432.8902319998748	0.00026991349312174243
433.40223199987474	0.0004723486129630493
433.9142319998747	0.000337391866402178
434.42623199987463	0.000337391866402178
434.9382319998746	0.00026991349312174243
435.4502319998745	0.00020243511984130682
435.96223199987446	0.00020243511984130682
436.4742319998744	0.0004723486129630493
436.98623199987435	0.000337391866402178
437.4982319998743	0.00013495674656087122
438.01023199987424	0.00013495674656087122
438.5222319998742	0.00020243511984130682
439.0342319998741	0.000337391866402178
439.54623199987407	0.00040487023968261365
440.058231999874	0.000337391866402178
440.57023199987395	0.00040487023968261365
441.0822319998739	0.00026991349312174243
441.59423199987384	0.00040487023968261365
442.1062319998738	0.00040487023968261365
442.61823199987373	0.00026991349312174243
443.1302319998737	0.00026991349312174243
443.6422319998736	0.00026991349312174243
444.15423199987356	0.00040487023968261365
444.6662319998735	0.000337391866402178
445.17823199987345	0.00040487023968261365
445.6902319998734	0.00013495674656087122
446.20223199987333	0.0
446.7142319998733	0.000337391866402178
447.2262319998732	0.00026991349312174243
447.73823199987316	0.00020243511984130682
448.2502319998731	6.747837328043561e-05
448.76223199987305	0.00013495674656087122
449.274231999873	0.00020243511984130682
449.78623199987294	0.00020243511984130682
450.2982319998729	0.000337391866402178
450.8102319998728	0.00026991349312174243
451.32223199987277	0.00013495674656087122
451.8342319998727	0.0
452.34623199987266	0.00040487023968261365
452.8582319998726	0.00026991349312174243
453.37023199987254	0.00013495674656087122
453.8822319998725	0.00040487023968261365
454.39423199987243	0.00020243511984130682
454.9062319998724	0.00013495674656087122
455.4182319998723	6.747837328043561e-05
455.93023199987226	0.00020243511984130682
456.4422319998722	0.0
456.95423199987215	0.00013495674656087122
457.4662319998721	0.000337391866402178
457.97823199987204	0.00013495674656087122
458.490231999872	0.00020243511984130682
459.0022319998719	0.00026991349312174243
459.51423199987187	0.00013495674656087122
460.0262319998718	0.00013495674656087122
460.53823199987175	0.00020243511984130682
461.0502319998717	0.00026991349312174243
461.56223199987164	0.0005398269862434849
462.0742319998716	0.00026991349312174243
462.58623199987153	0.00026991349312174243
463.0982319998715	6.747837328043561e-05
463.6102319998714	0.0
464.12223199987136	6.747837328043561e-05
464.6342319998713	6.747837328043561e-05
465.14623199987125	6.747837328043561e-05
465.6582319998712	0.00013495674656087122
466.17023199987113	6.747837328043561e-05
466.6822319998711	0.000337391866402178
467.194231999871	6.747837328043561e-05
467.70623199987097	0.000337391866402178
468.2182319998709	0.00013495674656087122
468.73023199987085	6.747837328043561e-05
469.2422319998708	0.0
469.75423199987074	0.00013495674656087122
470.2662319998707	6.747837328043561e-05
470.7782319998706	0.00020243511984130682
471.29023199987057	6.747837328043561e-05
471.8022319998705	0.00020243511984130682
472.31423199987046	6.747837328043561e-05
472.8262319998704	6.747837328043561e-05
473.33823199987035	6.747837328043561e-05
473.8502319998703	0.00013495674656087122
474.36223199987023	0.0
474.8742319998702	6.747837328043561e-05
475.3862319998701	6.747837328043561e-05
475.89823199987006	6.747837328043561e-05
476.41023199987	6.747837328043561e-05
476.92223199986995	0.00040487023968261365
477.4342319998699	0.0
477.94623199986984	0.00020243511984130682
478.4582319998698	6.747837328043561e-05
478.9702319998697	0.00013495674656087122
479.48223199986967	6.747837328043561e-05
479.9942319998696	0.0
480.50623199986956	0.0
481.0182319998695	0.00020243511984130682
481.53023199986944	0.00013495674656087122
482.0422319998694	0.000337391866402178
482.55423199986933	6.747837328043561e-05
483.0662319998693	0.00013495674656087122
483.5782319998692	0.00013495674656087122
484.09023199986916	6.747837328043561e-05
484.6022319998691	0.0
485.11423199986905	6.747837328043561e-05
485.626231999869	0.00013495674656087122
486.13823199986894	0.0
486.6502319998689	0.00013495674656087122
487.1622319998688	0.00013495674656087122
487.67423199986877	6.747837328043561e-05
488.1862319998687	0.00013495674656087122
488.69823199986865	6.747837328043561e-05
489.2102319998686	6.747837328043561e-05
489.72223199986854	0.0
490.2342319998685	6.747837328043561e-05
490.7462319998684	6.747837328043561e-05
491.25823199986837	6.747837328043561e-05
491.7702319998683	0.00013495674656087122
492.28223199986826	6.747837328043561e-05
492.7942319998682	0.00013495674656087122
493.30623199986815	0.0
493.8182319998681	0.0
494.33023199986803	0.00013495674656087122
494.842231999868	6.747837328043561e-05
495.3542319998679	6.747837328043561e-05
495.86623199986786	0.00013495674656087122
496.3782319998678	0.0
496.89023199986775	0.00013495674656087122
497.4022319998677	0.00020243511984130682
497.91423199986764	0.00020243511984130682
498.4262319998676	0.0
498.9382319998675	0.00013495674656087122
499.45023199986747	6.747837328043561e-05
499.9622319998674	0.0
500.47423199986736	6.747837328043561e-05
500.9862319998673	0.00013495674656087122
501.49823199986724	6.747837328043561e-05
502.0102319998672	0.00020243511984130682
502.52223199986713	0.0
503.0342319998671	0.00026991349312174243
503.546231999867	6.747837328043561e-05
504.05823199986696	0.00026991349312174243
504.5702319998669	0.0
505.08223199986685	0.0
505.5942319998668	0.00013495674656087122
506.10623199986674	0.0
506.6182319998667	0.00020243511984130682
507.1302319998666	0.00013495674656087122
507.64223199986657	6.747837328043561e-05
508.1542319998665	0.0
508.66623199986645	6.747837328043561e-05
509.1782319998664	0.0
509.69023199986634	0.0
510.2022319998663	0.00013495674656087122
510.71423199986623	0.00013495674656087122
511.2262319998662	6.747837328043561e-05
511.7382319998661	6.747837328043561e-05
512.2502319998661	6.747837328043561e-05
512.762231999866	0.00020243511984130682
513.274231999866	0.00013495674656087122
513.7862319998659	0.0
514.2982319998658	0.0
514.8102319998658	6.747837328043561e-05
515.3222319998657	6.747837328043561e-05
515.8342319998657	0.0
516.3462319998656	0.0
516.8582319998656	0.0
517.3702319998655	0.0
517.8822319998654	6.747837328043561e-05
518.3942319998654	0.00026991349312174243
518.9062319998653	6.747837328043561e-05
519.4182319998653	0.00013495674656087122
519.9302319998652	6.747837328043561e-05
520.4422319998652	0.0
520.9542319998651	6.747837328043561e-05
521.466231999865	6.747837328043561e-05
521.978231999865	0.00013495674656087122
522.4902319998649	0.0
523.0022319998649	6.747837328043561e-05
523.5142319998648	6.747837328043561e-05
524.0262319998648	6.747837328043561e-05
524.5382319998647	0.00013495674656087122
525.0502319998646	6.747837328043561e-05
525.5622319998646	0.0
526.0742319998645	0.0
526.5862319998645	0.0
527.0982319998644	0.0
527.6102319998644	0.0
528.1222319998643	6.747837328043561e-05
528.6342319998643	6.747837328043561e-05
529.1462319998642	6.747837328043561e-05
529.6582319998641	0.0
530.1702319998641	6.747837328043561e-05
530.682231999864	0.0
531.194231999864	0.0
531.7062319998639	0.0
532.2182319998639	6.747837328043561e-05
532.7302319998638	0.0
533.2422319998637	6.747837328043561e-05
533.7542319998637	0.0
534.2662319998636	6.747837328043561e-05
534.7782319998636	0.00013495674656087122
535.2902319998635	0.0
535.8022319998635	0.00013495674656087122
536.3142319998634	0.0
536.8262319998634	6.747837328043561e-05
537.3382319998633	6.747837328043561e-05
537.8502319998632	0.0
538.3622319998632	0.0
538.8742319998631	0.0
539.3862319998631	6.747837328043561e-05
539.898231999863	6.747837328043561e-05
540.410231999863	0.0
540.9222319998629	6.747837328043561e-05
541.4342319998628	6.747837328043561e-05
541.9462319998628	6.747837328043561e-05
542.4582319998627	6.747837328043561e-05
542.9702319998627	0.0
543.4822319998626	0.0
543.9942319998626	6.747837328043561e-05
544.5062319998625	0.0
545.0182319998625	6.747837328043561e-05
545.5302319998624	0.0
546.0422319998623	6.747837328043561e-05
546.5542319998623	0.0
547.0662319998622	0.0
547.5782319998622	0.0
548.0902319998621	0.00013495674656087122
548.602231999862	6.747837328043561e-05
549.114231999862	6.747837328043561e-05
549.626231999862	0.0
550.1382319998619	0.0
550.6502319998618	0.0
551.1622319998618	0.0
551.6742319998617	6.747837328043561e-05
552.1862319998617	0.0
552.6982319998616	0.0
553.2102319998615	0.0
553.7222319998615	0.0
554.2342319998614	0.0
554.7462319998614	0.0
555.2582319998613	6.747837328043561e-05
555.7702319998613	0.0
556.2822319998612	0.00013495674656087122
556.7942319998612	6.747837328043561e-05
557.3062319998611	0.0
557.818231999861	0.0
558.330231999861	0.0
558.8422319998609	0.0
559.3542319998609	0.0
559.8662319998608	0.0
560.3782319998608	0.0
560.8902319998607	6.747837328043561e-05
561.4022319998606	0.0
561.9142319998606	0.0
562.4262319998605	0.0
562.9382319998605	0.0
563.4502319998604	0.0
563.9622319998604	0.0
564.4742319998603	0.00013495674656087122
564.9862319998603	0.0
565.4982319998602	0.0
566.0102319998601	0.0
566.5222319998601	0.0
567.03423199986	0.0
567.54623199986	0.0
568.0582319998599	0.0
568.5702319998599	6.747837328043561e-05
569.0822319998598	0.0
569.5942319998597	0.0
570.1062319998597	0.0
570.6182319998596	0.0
571.1302319998596	0.0
571.6422319998595	0.0
572.1542319998595	0.0
572.6662319998594	0.00013495674656087122
573.1782319998593	0.0
573.6902319998593	0.0
574.2022319998592	0.0
574.7142319998592	6.747837328043561e-05
575.2262319998591	0.0
575.7382319998591	0.0
576.250231999859	0.0
576.762231999859	6.747837328043561e-05
577.2742319998589	6.747837328043561e-05
577.7862319998588	0.0
578.2982319998588	0.0
578.8102319998587	0.0
579.3222319998587	6.747837328043561e-05
579.8342319998586	6.747837328043561e-05
580.3462319998586	0.0
580.8582319998585	0.0
581.3702319998584	6.747837328043561e-05
581.8822319998584	6.747837328043561e-05
582.3942319998583	0.0
582.9062319998583	0.0
583.4182319998582	0.0
583.9302319998582	0.0
584.4422319998581	0.0
584.954231999858	0.0
585.466231999858	0.0
585.9782319998579	0.0
586.4902319998579	0.0
587.0022319998578	0.0
587.5142319998578	0.0
588.0262319998577	0.0
588.5382319998577	0.0
589.0502319998576	0.0
589.5622319998575	0.0
590.0742319998575	0.0
590.5862319998574	0.0
591.0982319998574	0.0
591.6102319998573	0.0
592.1222319998573	6.747837328043561e-05
592.6342319998572	6.747837328043561e-05
593.1462319998572	6.747837328043561e-05
593.6582319998571	0.0
594.170231999857	0.0
594.682231999857	0.0
595.1942319998569	0.0
595.7062319998569	0.0
596.2182319998568	0.0
596.7302319998568	0.0
597.2422319998567	0.0
597.7542319998566	0.0
598.2662319998566	0.0
598.7782319998565	0.0
599.2902319998565	0.0
599.8022319998564	0.00013495674656087122
600.3142319998564	0.0
600.8262319998563	0.0
601.3382319998562	0.0
601.8502319998562	0.0
602.3622319998561	6.747837328043561e-05
602.8742319998561	0.0
603.386231999856	0.0
603.898231999856	0.0
604.4102319998559	0.0
604.9222319998559	0.0
605.4342319998558	0.0
605.9462319998557	0.0
606.4582319998557	0.0
606.9702319998556	0.0
607.4822319998556	0.0
607.9942319998555	0.0
608.5062319998555	0.0
609.0182319998554	0.0
609.5302319998553	0.0
610.0422319998553	0.0
610.5542319998552	0.0
611.0662319998552	0.0
611.5782319998551	0.0
612.0902319998551	0.0
612.602231999855	0.0
613.114231999855	0.0
613.6262319998549	0.0
614.1382319998548	0.0
614.6502319998548	0.0
615.1622319998547	0.0
615.6742319998547	0.0
616.1862319998546	0.0
616.6982319998546	0.0
617.2102319998545	0.0
617.7222319998544	0.0
618.2342319998544	0.0
618.7462319998543	0.0
619.2582319998543	0.0
619.7702319998542	0.0
620.2822319998542	0.0
620.7942319998541	0.0
621.306231999854	0.0
621.818231999854	0.0
622.3302319998539	6.747837328043561e-05
622.8422319998539	0.0
623.3542319998538	0.0
623.8662319998538	0.0
624.3782319998537	0.0
624.8902319998537	0.0
625.4022319998536	0.0
625.9142319998535	0.0
626.4262319998535	0.0
626.9382319998534	0.0
627.4502319998534	0.0
627.9622319998533	0.0
628.4742319998533	0.0
628.9862319998532	0.0
629.4982319998531	0.0
630.0102319998531	0.0
630.522231999853	0.0
631.034231999853	0.0
631.5462319998529	6.747837328043561e-05
632.0582319998529	0.0
632.5702319998528	0.0
633.0822319998528	0.0
633.5942319998527	0.0
634.1062319998526	0.0
634.6182319998526	0.0
635.1302319998525	0.0
635.6422319998525	6.747837328043561e-05
636.1542319998524	0.0
636.6662319998524	0.0
637.1782319998523	0.0
637.6902319998522	0.0
638.2022319998522	0.0
638.7142319998521	0.0
639.2262319998521	0.0
639.738231999852	0.0
640.250231999852	0.0
640.7622319998519	0.0
641.2742319998518	0.0
641.7862319998518	0.0
642.2982319998517	0.0
642.8102319998517	0.0
643.3222319998516	0.0
643.8342319998516	0.0
644.3462319998515	0.0
644.8582319998515	0.0
645.3702319998514	0.0
645.8822319998513	0.0
646.3942319998513	0.0
646.9062319998512	0.0
647.4182319998512	0.0
647.9302319998511	0.0
648.4422319998511	6.747837328043561e-05
648.954231999851	0.0
649.466231999851	0.0
649.9782319998509	0.0
650.4902319998508	0.0
651.0022319998508	0.0
651.5142319998507	0.0
652.0262319998507	0.0
652.5382319998506	0.0
653.0502319998506	0.0
653.5622319998505	0.0
654.0742319998504	0.0
654.5862319998504	0.0
655.0982319998503	0.0
655.6102319998503	0.0
656.1222319998502	0.0
656.6342319998502	0.0
657.1462319998501	0.0
657.65823199985	0.0
658.17023199985	0.0
658.6822319998499	0.0
659.1942319998499	0.0
659.7062319998498	0.0
660.2182319998498	0.0
660.7302319998497	0.0
661.2422319998497	0.0
661.7542319998496	0.0
662.2662319998495	0.0
662.7782319998495	0.0
663.2902319998494	0.0
663.8022319998494	0.0
664.3142319998493	0.0
664.8262319998493	0.0
665.3382319998492	0.0
665.8502319998491	0.0
666.3622319998491	0.0
666.874231999849	0.0
667.386231999849	0.0
667.8982319998489	0.0
668.4102319998489	0.0
668.9222319998488	0.0
669.4342319998487	0.0
669.9462319998487	0.0
670.4582319998486	6.747837328043561e-05
670.9702319998486	0.0
671.4822319998485	0.0
671.9942319998485	0.0
672.5062319998484	0.0
673.0182319998484	0.0
673.5302319998483	0.0
674.0422319998482	0.0
674.5542319998482	0.0
675.0662319998481	0.0
675.5782319998481	0.0
676.090231999848	0.0
676.602231999848	0.0
677.1142319998479	0.0
677.6262319998478	0.0
678.1382319998478	0.0
678.6502319998477	0.0
679.1622319998477	0.0
679.6742319998476	0.0
680.1862319998476	0.0
680.6982319998475	0.0
681.2102319998475	0.0
681.7222319998474	0.0
682.2342319998473	0.0
682.7462319998473	0.0
683.2582319998472	0.0
683.7702319998472	0.0
684.2822319998471	0.0
684.794231999847	0.0
685.306231999847	0.0
685.818231999847	0.0
686.3302319998469	0.0
686.8422319998468	0.0
687.3542319998468	0.0
687.8662319998467	0.0
688.3782319998467	0.0
688.8902319998466	0.0
689.4022319998465	0.0
689.9142319998465	0.0
690.4262319998464	0.0
690.9382319998464	0.0
691.4502319998463	0.0
691.9622319998463	0.0
692.4742319998462	0.0
692.9862319998462	0.0
693.4982319998461	0.0
694.010231999846	0.0
694.522231999846	0.0
695.0342319998459	0.0
695.5462319998459	0.0
696.0582319998458	0.0
696.5702319998458	0.0
697.0822319998457	0.0
697.5942319998456	0.0
698.1062319998456	0.0
698.6182319998455	0.0
699.1302319998455	0.0
699.6422319998454	0.0
700.1542319998454	0.0
700.6662319998453	0.0
701.1782319998453	0.0
701.6902319998452	0.0
702.2022319998451	0.0
702.7142319998451	0.0
703.226231999845	0.0
703.738231999845	6.747837328043561e-05
