Channel A: 
Mode: 2
N1/T1: 53.85 µs
Channel B: 
Mode: 1
N2/T2: 53.85 µs
tau (ms)	g2 Values
-1.064230047	0.0
-1.063230047	0.0
-1.0622300470000001	0.0
-1.0612300470000002	0.0
-1.0602300470000003	0.0
-1.0592300470000005	0.0
-1.0582300470000006	0.0
-1.0572300470000007	0.0
-1.0562300470000008	0.0
-1.055230047000001	0.0
-1.054230047000001	0.0
-1.0532300470000011	0.0
-1.0522300470000012	0.0
-1.0512300470000013	0.0
-1.0502300470000014	0.0
-1.0492300470000016	0.0
-1.0482300470000017	0.0
-1.0472300470000018	0.0
-1.0462300470000019	0.0
-1.045230047000002	0.0
-1.044230047000002	0.0
-1.0432300470000022	0.0
-1.0422300470000023	0.0
-1.0412300470000024	0.0
-1.0402300470000025	0.0
-1.0392300470000027	0.0
-1.0382300470000028	0.0
-1.0372300470000029	0.0
-1.036230047000003	0.0
-1.035230047000003	0.0
-1.0342300470000032	0.0
-1.0332300470000033	0.0
-1.0322300470000034	0.0
-1.0312300470000035	0.0
-1.0302300470000036	0.0
-1.0292300470000038	0.0
-1.0282300470000039	0.0
-1.027230047000004	0.0
-1.026230047000004	0.0
-1.0252300470000042	0.0
-1.0242300470000043	0.0
-1.0232300470000044	0.0
-1.0222300470000045	0.0
-1.0212300470000046	0.0
-1.0202300470000047	0.0
-1.0192300470000049	0.0
-1.018230047000005	0.0
-1.017230047000005	0.0
-1.0162300470000052	0.0
-1.0152300470000053	0.0
-1.0142300470000054	0.0
-1.0132300470000055	0.0
-1.0122300470000056	0.0
-1.0112300470000057	0.0
-1.0102300470000058	0.0
-1.009230047000006	0.0
-1.008230047000006	0.0
-1.0072300470000062	0.0
-1.0062300470000063	0.0
-1.0052300470000064	0.0
-1.0042300470000065	0.0
-1.0032300470000066	0.0
-1.0022300470000067	0.0
-1.0012300470000068	0.0
-1.000230047000007	0.0
-0.9992300470000071	0.0
-0.9982300470000072	0.0
-0.9972300470000073	0.0
-0.9962300470000074	0.0
-0.9952300470000075	0.0
-0.9942300470000076	0.0
-0.9932300470000077	0.0
-0.9922300470000078	0.0
-0.9912300470000079	0.0
-0.990230047000008	0.0
-0.9892300470000082	0.0
-0.9882300470000083	0.0
-0.9872300470000084	0.0
-0.9862300470000085	0.0
-0.9852300470000086	0.0
-0.9842300470000087	0.0
-0.9832300470000088	0.0
-0.9822300470000089	0.0
-0.981230047000009	0.0
-0.9802300470000092	0.0
-0.9792300470000093	0.0
-0.9782300470000094	0.0
-0.9772300470000095	0.0
-0.9762300470000096	0.0
-0.9752300470000097	0.0
-0.9742300470000098	0.0
-0.9732300470000099	0.0
-0.97223004700001	0.0
-0.9712300470000101	0.0
-0.9702300470000103	0.0
-0.9692300470000104	0.0
-0.9682300470000105	0.0
-0.9672300470000106	0.0
-0.9662300470000107	0.0
-0.9652300470000108	0.0
-0.9642300470000109	0.0
-0.963230047000011	0.0
-0.9622300470000111	0.0
-0.9612300470000112	0.0
-0.9602300470000114	0.0
-0.9592300470000115	0.0
-0.9582300470000116	0.0
-0.9572300470000117	0.0
-0.9562300470000118	0.0
-0.9552300470000119	0.0
-0.954230047000012	0.0
-0.9532300470000121	0.0
-0.9522300470000122	0.0
-0.9512300470000123	0.0
-0.9502300470000125	0.0
-0.9492300470000126	0.0
-0.9482300470000127	0.0
-0.9472300470000128	0.0
-0.9462300470000129	0.0
-0.945230047000013	0.0
-0.9442300470000131	0.0
-0.9432300470000132	0.0
-0.9422300470000133	0.0
-0.9412300470000134	0.0
-0.9402300470000136	0.0
-0.9392300470000137	0.0
-0.9382300470000138	0.0
-0.9372300470000139	0.0
-0.936230047000014	0.0
-0.9352300470000141	0.0
-0.9342300470000142	0.0
-0.9332300470000143	0.0
-0.9322300470000144	0.0
-0.9312300470000145	0.0
-0.9302300470000147	0.0
-0.9292300470000148	0.0
-0.9282300470000149	0.0
-0.927230047000015	0.0
-0.9262300470000151	0.0
-0.9252300470000152	0.0
-0.9242300470000153	0.0
-0.9232300470000154	0.0
-0.9222300470000155	0.0
-0.9212300470000157	0.0
-0.9202300470000158	0.0
-0.9192300470000159	0.0
-0.918230047000016	0.0
-0.9172300470000161	0.0
-0.9162300470000162	0.0
-0.9152300470000163	0.0
-0.9142300470000164	0.0
-0.9132300470000165	0.0
-0.9122300470000166	0.0
-0.9112300470000168	0.0
-0.9102300470000169	0.0
-0.909230047000017	0.0
-0.9082300470000171	0.0
-0.9072300470000172	0.0
-0.9062300470000173	0.0
-0.9052300470000174	0.0
-0.9042300470000175	0.0
-0.9032300470000176	0.0
-0.9022300470000177	0.0
-0.9012300470000179	0.0
-0.900230047000018	0.0
-0.8992300470000181	0.0
-0.8982300470000182	0.0
-0.8972300470000183	0.0
-0.8962300470000184	0.0
-0.8952300470000185	0.0
-0.8942300470000186	0.0
-0.8932300470000187	0.0
-0.8922300470000188	0.0
-0.891230047000019	0.0
-0.8902300470000191	0.0
-0.8892300470000192	0.0
-0.8882300470000193	0.0
-0.8872300470000194	0.0
-0.8862300470000195	0.0
-0.8852300470000196	0.0
-0.8842300470000197	0.0
-0.8832300470000198	0.0
-0.88223004700002	0.0
-0.8812300470000201	0.0
-0.8802300470000202	0.0
-0.8792300470000203	0.0
-0.8782300470000204	0.0
-0.8772300470000205	0.0
-0.8762300470000206	0.0
-0.8752300470000207	0.0
-0.8742300470000208	0.0
-0.8732300470000209	0.0
-0.872230047000021	0.0
-0.8712300470000212	0.0
-0.8702300470000213	0.0
-0.8692300470000214	0.0
-0.8682300470000215	0.0
-0.8672300470000216	0.0
-0.8662300470000217	0.0
-0.8652300470000218	0.0
-0.8642300470000219	0.0
-0.863230047000022	0.0
-0.8622300470000221	0.0
-0.8612300470000223	0.0
-0.8602300470000224	0.0
-0.8592300470000225	0.0
-0.8582300470000226	0.0
-0.8572300470000227	0.0
-0.8562300470000228	0.0
-0.8552300470000229	0.0
-0.854230047000023	0.0
-0.8532300470000231	0.0
-0.8522300470000232	0.0
-0.8512300470000234	0.0
-0.8502300470000235	0.0
-0.8492300470000236	0.0
-0.8482300470000237	0.0
-0.8472300470000238	0.0
-0.8462300470000239	0.0
-0.845230047000024	0.0
-0.8442300470000241	0.0
-0.8432300470000242	0.0
-0.8422300470000244	0.0
-0.8412300470000245	0.0
-0.8402300470000246	0.0
-0.8392300470000247	0.0
-0.8382300470000248	0.0
-0.8372300470000249	0.0
-0.836230047000025	0.0
-0.8352300470000251	0.0
-0.8342300470000252	0.0
-0.8332300470000253	0.0
-0.8322300470000255	0.0
-0.8312300470000256	0.0
-0.8302300470000257	0.0
-0.8292300470000258	0.0
-0.8282300470000259	0.0
-0.827230047000026	0.0
-0.8262300470000261	0.0
-0.8252300470000262	0.0
-0.8242300470000263	0.0
-0.8232300470000264	0.0
-0.8222300470000266	0.0
-0.8212300470000267	0.0
-0.8202300470000268	0.0
-0.8192300470000269	0.0
-0.818230047000027	0.0
-0.8172300470000271	0.0
-0.8162300470000272	0.0
-0.8152300470000273	0.0
-0.8142300470000274	0.0
-0.8132300470000275	0.0
-0.8122300470000277	0.0
-0.8112300470000278	0.0
-0.8102300470000279	0.0
-0.809230047000028	0.0
-0.8082300470000281	0.0
-0.8072300470000282	0.0
-0.8062300470000283	0.0
-0.8052300470000284	0.0
-0.8042300470000285	0.0
-0.8032300470000286	0.0
-0.8022300470000288	0.0
-0.8012300470000289	0.0
-0.800230047000029	0.0
-0.7992300470000291	0.0
-0.7982300470000292	0.0
-0.7972300470000293	0.0
-0.7962300470000294	0.0
-0.7952300470000295	0.0
-0.7942300470000296	0.0
-0.7932300470000297	0.0
-0.7922300470000299	0.0
-0.79123004700003	0.0
-0.7902300470000301	0.0
-0.7892300470000302	0.0
-0.7882300470000303	0.0
-0.7872300470000304	0.0
-0.7862300470000305	0.0
-0.7852300470000306	0.0
-0.7842300470000307	0.0
-0.7832300470000308	0.0
-0.782230047000031	0.0
-0.7812300470000311	0.0
-0.7802300470000312	0.0
-0.7792300470000313	0.0
-0.7782300470000314	0.0
-0.7772300470000315	0.0
-0.7762300470000316	0.0
-0.7752300470000317	0.0
-0.7742300470000318	0.0
-0.773230047000032	0.0
-0.7722300470000321	0.0
-0.7712300470000322	0.0
-0.7702300470000323	0.0
-0.7692300470000324	0.0
-0.7682300470000325	0.0
-0.7672300470000326	0.0
-0.7662300470000327	0.0
-0.7652300470000328	0.0
-0.7642300470000329	0.0
-0.763230047000033	0.0
-0.7622300470000332	0.0
-0.7612300470000333	0.0
-0.7602300470000334	0.0
-0.7592300470000335	0.0
-0.7582300470000336	0.0
-0.7572300470000337	0.0
-0.7562300470000338	0.0
-0.7552300470000339	0.0
-0.754230047000034	0.0
-0.7532300470000342	0.0
-0.7522300470000343	0.0
-0.7512300470000344	0.0
-0.7502300470000345	0.0
-0.7492300470000346	0.0
-0.7482300470000347	0.0
-0.7472300470000348	0.0
-0.7462300470000349	0.0
-0.745230047000035	0.0
-0.7442300470000351	0.0
-0.7432300470000353	0.0
-0.7422300470000354	0.0
-0.7412300470000355	0.0
-0.7402300470000356	0.0
-0.7392300470000357	0.0
-0.7382300470000358	0.0
-0.7372300470000359	0.0
-0.736230047000036	0.0
-0.7352300470000361	0.0
-0.7342300470000362	0.0
-0.7332300470000364	0.0
-0.7322300470000365	0.0
-0.7312300470000366	0.0
-0.7302300470000367	0.0
-0.7292300470000368	0.0
-0.7282300470000369	0.0
-0.727230047000037	0.0
-0.7262300470000371	0.0
-0.7252300470000372	0.0
-0.7242300470000373	0.0
-0.7232300470000375	0.0
-0.7222300470000376	0.0
-0.7212300470000377	0.0
-0.7202300470000378	0.0
-0.7192300470000379	0.0
-0.718230047000038	0.0
-0.7172300470000381	0.0
-0.7162300470000382	0.0
-0.7152300470000383	0.0
-0.7142300470000384	0.0
-0.7132300470000386	0.0
-0.7122300470000387	0.0
-0.7112300470000388	0.0
-0.7102300470000389	0.0
-0.709230047000039	0.0
-0.7082300470000391	0.0
-0.7072300470000392	0.0
-0.7062300470000393	0.0
-0.7052300470000394	0.0
-0.7042300470000395	0.0
-0.7032300470000397	0.0
-0.7022300470000398	0.0
-0.7012300470000399	0.0
-0.70023004700004	0.0
-0.6992300470000401	0.0
-0.6982300470000402	0.0
-0.6972300470000403	0.0
-0.6962300470000404	0.0
-0.6952300470000405	0.0
-0.6942300470000407	0.0
-0.6932300470000408	0.0
-0.6922300470000409	0.0
-0.691230047000041	0.0
-0.6902300470000411	0.0
-0.6892300470000412	0.0
-0.6882300470000413	0.0
-0.6872300470000414	0.0
-0.6862300470000415	0.0
-0.6852300470000416	0.0
-0.6842300470000418	0.0
-0.6832300470000419	0.0
-0.682230047000042	0.0
-0.6812300470000421	0.0
-0.6802300470000422	0.0
-0.6792300470000423	0.0
-0.6782300470000424	0.0
-0.6772300470000425	0.0
-0.6762300470000426	0.0
-0.6752300470000427	0.0
-0.6742300470000429	0.0
-0.673230047000043	0.0
-0.6722300470000431	0.0
-0.6712300470000432	0.0
-0.6702300470000433	0.0
-0.6692300470000434	0.0
-0.6682300470000435	0.0
-0.6672300470000436	0.0
-0.6662300470000437	0.0
-0.6652300470000438	0.0
-0.664230047000044	0.0
-0.6632300470000441	0.0
-0.6622300470000442	0.0
-0.6612300470000443	0.0
-0.6602300470000444	0.0
-0.6592300470000445	0.0
-0.6582300470000446	0.0
-0.6572300470000447	0.0
-0.6562300470000448	0.0
-0.655230047000045	0.0
-0.6542300470000451	0.0
-0.6532300470000452	0.0
-0.6522300470000453	0.0
-0.6512300470000454	0.0
-0.6502300470000455	0.0
-0.6492300470000456	0.0
-0.6482300470000457	0.0
-0.6472300470000458	0.0
-0.6462300470000459	0.0
-0.645230047000046	0.0
-0.6442300470000462	0.0
-0.6432300470000463	0.0
-0.6422300470000464	0.0
-0.6412300470000465	0.0
-0.6402300470000466	0.0
-0.6392300470000467	0.0
-0.6382300470000468	0.0
-0.6372300470000469	0.0
-0.636230047000047	0.0
-0.6352300470000471	0.0
-0.6342300470000473	0.0
-0.6332300470000474	0.0
-0.6322300470000475	0.0
-0.6312300470000476	0.0
-0.6302300470000477	0.0
-0.6292300470000478	0.0
-0.6282300470000479	0.0
-0.627230047000048	0.0
-0.6262300470000481	0.0
-0.6252300470000483	0.0
-0.6242300470000484	0.0
-0.6232300470000485	0.0
-0.6222300470000486	0.0
-0.6212300470000487	0.0
-0.6202300470000488	0.0
-0.6192300470000489	0.0
-0.618230047000049	0.0
-0.6172300470000491	0.0
-0.6162300470000492	0.0
-0.6152300470000494	0.0
-0.6142300470000495	0.0
-0.6132300470000496	0.0
-0.6122300470000497	0.0
-0.6112300470000498	0.0
-0.6102300470000499	0.0
-0.60923004700005	0.0
-0.6082300470000501	0.0
-0.6072300470000502	0.0
-0.6062300470000503	0.0
-0.6052300470000505	0.0
-0.6042300470000506	0.0
-0.6032300470000507	0.0
-0.6022300470000508	0.0
-0.6012300470000509	0.0
-0.600230047000051	0.0
-0.5992300470000511	0.0
-0.5982300470000512	0.0
-0.5972300470000513	0.0
-0.5962300470000514	0.0
-0.5952300470000516	0.0
-0.5942300470000517	0.0
-0.5932300470000518	0.0
-0.5922300470000519	0.0
-0.591230047000052	0.0
-0.5902300470000521	0.0
-0.5892300470000522	0.0
-0.5882300470000523	0.0
-0.5872300470000524	0.0
-0.5862300470000525	0.0
-0.5852300470000527	0.0
-0.5842300470000528	0.0
-0.5832300470000529	0.0
-0.582230047000053	0.0
-0.5812300470000531	0.0
-0.5802300470000532	0.0
-0.5792300470000533	0.0
-0.5782300470000534	0.0
-0.5772300470000535	0.0
-0.5762300470000536	0.0
-0.5752300470000538	0.0
-0.5742300470000539	0.0
-0.573230047000054	0.0
-0.5722300470000541	0.0
-0.5712300470000542	0.0
-0.5702300470000543	0.0
-0.5692300470000544	0.0
-0.5682300470000545	0.0
-0.5672300470000546	0.0
-0.5662300470000547	0.0
-0.5652300470000549	0.0
-0.564230047000055	0.0
-0.5632300470000551	0.0
-0.5622300470000552	0.0
-0.5612300470000553	0.0
-0.5602300470000554	0.0
-0.5592300470000555	0.0
-0.5582300470000556	0.0
-0.5572300470000557	0.0
-0.5562300470000558	0.0
-0.555230047000056	0.0
-0.5542300470000561	0.0
-0.5532300470000562	0.0
-0.5522300470000563	0.0
-0.5512300470000564	0.0
-0.5502300470000565	0.0
-0.5492300470000566	0.0
-0.5482300470000567	0.0
-0.5472300470000568	0.0
-0.546230047000057	0.0
-0.5452300470000571	0.0
-0.5442300470000572	0.0
-0.5432300470000573	0.0
-0.5422300470000574	0.0
-0.5412300470000575	0.0
-0.5402300470000576	0.0
-0.5392300470000577	0.0
-0.5382300470000578	0.0
-0.5372300470000579	0.0
-0.536230047000058	0.0
-0.5352300470000582	0.0
-0.5342300470000583	0.0
-0.5332300470000584	0.0
-0.5322300470000585	0.0
-0.5312300470000586	0.0
-0.5302300470000587	0.0
-0.5292300470000588	0.0
-0.5282300470000589	0.0
-0.527230047000059	0.0
-0.5262300470000592	0.0
-0.5252300470000593	0.0
-0.5242300470000594	0.0
-0.5232300470000595	0.0
-0.5222300470000596	0.0
-0.5212300470000597	0.0
-0.5202300470000598	0.0
-0.5192300470000599	0.0
-0.51823004700006	0.0
-0.5172300470000601	0.0
-0.5162300470000603	0.0
-0.5152300470000604	0.0
-0.5142300470000605	0.0
-0.5132300470000606	0.0
-0.5122300470000607	0.0
-0.5112300470000608	0.0
-0.5102300470000609	0.0
-0.509230047000061	0.0
-0.5082300470000611	0.0
-0.5072300470000612	0.0
-0.5062300470000614	0.0
-0.5052300470000615	0.0
-0.5042300470000616	0.0
-0.5032300470000617	0.0
-0.5022300470000618	0.0
-0.5012300470000619	0.0
-0.500230047000062	0.0
-0.4992300470000621	0.0
-0.49823004700006224	0.0
-0.49723004700006235	0.0
-0.49623004700006246	0.0
-0.49523004700006257	0.0
-0.4942300470000627	0.0
-0.4932300470000628	0.0
-0.4922300470000629	0.0
-0.491230047000063	0.0
-0.4902300470000631	0.0
-0.48923004700006323	0.0
-0.48823004700006334	0.0
-0.48723004700006345	0.0
-0.48623004700006356	0.0
-0.48523004700006367	0.0
-0.4842300470000638	0.0
-0.4832300470000639	0.0
-0.482230047000064	0.0
-0.4812300470000641	0.0
-0.4802300470000642	0.0
-0.47923004700006433	0.0
-0.47823004700006444	0.0
-0.47723004700006455	0.0
-0.47623004700006466	0.0
-0.47523004700006477	0.0
-0.4742300470000649	0.0
-0.473230047000065	0.0
-0.4722300470000651	0.0
-0.4712300470000652	0.0
-0.4702300470000653	0.0
-0.46923004700006543	0.0
-0.46823004700006554	0.0
-0.46723004700006565	0.0
-0.46623004700006576	0.0
-0.46523004700006587	0.0
-0.464230047000066	0.0
-0.4632300470000661	0.0
-0.4622300470000662	0.0
-0.4612300470000663	0.0
-0.4602300470000664	0.0
-0.45923004700006653	0.0
-0.45823004700006664	0.0
-0.45723004700006675	0.0
-0.45623004700006686	0.0
-0.455230047000067	0.0
-0.4542300470000671	0.0
-0.4532300470000672	0.0
-0.4522300470000673	0.0
-0.4512300470000674	0.0
-0.4502300470000675	0.0
-0.44923004700006763	0.0
-0.44823004700006774	0.0
-0.44723004700006785	0.0
-0.44623004700006796	0.0
-0.4452300470000681	0.0
-0.4442300470000682	0.0
-0.4432300470000683	0.0
-0.4422300470000684	0.0
-0.4412300470000685	0.0
-0.4402300470000686	0.0
-0.43923004700006874	0.0
-0.43823004700006885	0.0
-0.43723004700006896	0.0
-0.43623004700006907	0.0
-0.4352300470000692	0.0
-0.4342300470000693	0.0
-0.4332300470000694	0.0
-0.4322300470000695	0.0
-0.4312300470000696	0.0
-0.4302300470000697	0.0
-0.42923004700006984	0.0
-0.42823004700006995	0.0
-0.42723004700007006	0.0
-0.42623004700007017	0.0
-0.4252300470000703	0.0
-0.4242300470000704	0.0
-0.4232300470000705	0.0
-0.4222300470000706	0.0
-0.4212300470000707	0.0
-0.4202300470000708	0.0
-0.41923004700007094	0.0
-0.41823004700007105	0.0
-0.41723004700007116	0.0
-0.41623004700007127	0.0
-0.4152300470000714	0.0
-0.4142300470000715	0.0
-0.4132300470000716	0.0
-0.4122300470000717	0.0
-0.4112300470000718	0.0
-0.41023004700007193	0.0
-0.40923004700007204	0.0
-0.40823004700007215	0.0
-0.40723004700007226	0.0
-0.40623004700007237	0.0
-0.4052300470000725	0.0
-0.4042300470000726	0.0
-0.4032300470000727	0.0
-0.4022300470000728	0.0
-0.4012300470000729	0.0
-0.40023004700007303	0.0
-0.39923004700007314	0.0
-0.39823004700007325	0.0
-0.39723004700007336	0.0
-0.39623004700007347	0.0
-0.3952300470000736	0.0
-0.3942300470000737	0.0
-0.3932300470000738	0.0
-0.3922300470000739	0.0
-0.391230047000074	0.0
-0.39023004700007413	0.0
-0.38923004700007424	0.0
-0.38823004700007435	0.0
-0.38723004700007446	0.0
-0.38623004700007457	0.0
-0.3852300470000747	0.0
-0.3842300470000748	0.0
-0.3832300470000749	0.0
-0.382230047000075	0.0
-0.3812300470000751	0.0
-0.38023004700007523	0.0
-0.37923004700007534	0.0
-0.37823004700007545	0.0
-0.37723004700007556	0.0
-0.3762300470000757	0.0
-0.3752300470000758	0.0
-0.3742300470000759	0.0
-0.373230047000076	0.0
-0.3722300470000761	0.0
-0.3712300470000762	0.0
-0.37023004700007633	0.0
-0.36923004700007644	0.0
-0.36823004700007655	0.0
-0.36723004700007666	0.0
-0.3662300470000768	0.0
-0.3652300470000769	0.0
-0.364230047000077	0.0
-0.3632300470000771	0.0
-0.3622300470000772	0.0
-0.3612300470000773	0.0
-0.36023004700007744	0.0
-0.35923004700007755	0.0
-0.35823004700007766	0.0
-0.35723004700007777	0.0
-0.3562300470000779	0.0
-0.355230047000078	0.0
-0.3542300470000781	0.0
-0.3532300470000782	0.0
-0.3522300470000783	0.0
-0.3512300470000784	0.0
-0.35023004700007854	0.0
-0.34923004700007865	0.0
-0.34823004700007876	0.0
-0.34723004700007887	0.0
-0.346230047000079	0.0
-0.3452300470000791	0.0
-0.3442300470000792	0.0
-0.3432300470000793	0.0
-0.3422300470000794	0.0
-0.34123004700007953	0.0
-0.34023004700007964	0.0
-0.33923004700007975	0.0
-0.33823004700007986	0.0
-0.33723004700007997	0.0
-0.3362300470000801	0.0
-0.3352300470000802	0.0
-0.3342300470000803	0.0
-0.3332300470000804	0.0
-0.3322300470000805	0.0
-0.33123004700008063	0.0
-0.33023004700008074	0.0
-0.32923004700008085	0.0
-0.32823004700008096	0.0
-0.32723004700008107	0.0
-0.3262300470000812	0.0
-0.3252300470000813	0.0
-0.3242300470000814	0.0
-0.3232300470000815	0.0
-0.3222300470000816	0.0
-0.32123004700008173	0.0
-0.32023004700008184	0.0
-0.31923004700008195	0.0
-0.31823004700008206	0.0
-0.31723004700008217	0.0
-0.3162300470000823	0.0
-0.3152300470000824	0.0
-0.3142300470000825	0.0
-0.3132300470000826	0.0
-0.3122300470000827	0.0
-0.31123004700008283	0.0
-0.31023004700008294	0.0
-0.30923004700008305	0.0
-0.30823004700008316	0.0
-0.3072300470000833	0.0
-0.3062300470000834	0.0
-0.3052300470000835	0.0
-0.3042300470000836	0.0
-0.3032300470000837	0.0
-0.3022300470000838	0.0
-0.30123004700008393	0.0
-0.30023004700008404	0.0
-0.29923004700008415	0.0
-0.29823004700008426	0.0
-0.2972300470000844	0.0
-0.2962300470000845	0.0
-0.2952300470000846	0.0
-0.2942300470000847	0.0
-0.2932300470000848	0.0
-0.2922300470000849	0.0
-0.29123004700008503	0.0
-0.29023004700008515	0.0
-0.28923004700008526	0.0
-0.28823004700008537	0.0
-0.2872300470000855	0.0
-0.2862300470000856	0.0
-0.2852300470000857	0.0
-0.2842300470000858	0.0
-0.2832300470000859	0.0
-0.282230047000086	0.0
-0.28123004700008614	0.0
-0.28023004700008625	0.0
-0.27923004700008636	0.0
-0.27823004700008647	0.0
-0.2772300470000866	0.0
-0.2762300470000867	0.0
-0.2752300470000868	0.0
-0.2742300470000869	0.0
-0.273230047000087	0.0
-0.2722300470000871	0.0
-0.27123004700008724	0.0
-0.27023004700008735	0.0
-0.26923004700008746	0.0
-0.26823004700008757	0.0
-0.2672300470000877	0.0
-0.2662300470000878	0.0
-0.2652300470000879	0.0
-0.264230047000088	0.0
-0.2632300470000881	0.0
-0.26223004700008823	0.0
-0.26123004700008834	0.0
-0.26023004700008845	0.0
-0.25923004700008856	0.0
-0.25823004700008867	0.0
-0.2572300470000888	0.0
-0.2562300470000889	0.0
-0.255230047000089	0.0
-0.2542300470000891	0.0
-0.2532300470000892	0.0
-0.25223004700008933	0.0
-0.25123004700008944	0.0
-0.25023004700008955	0.0
-0.24923004700008966	0.0
-0.24823004700008977	0.0
-0.24723004700008988	0.0
-0.24623004700009	0.0
-0.2452300470000901	0.0
-0.2442300470000902	0.0
-0.24323004700009032	0.0
-0.24223004700009043	0.0
-0.24123004700009054	0.0
-0.24023004700009065	0.0
-0.23923004700009076	0.0
-0.23823004700009087	0.0
-0.23723004700009098	0.0
-0.2362300470000911	0.0
-0.2352300470000912	0.0
-0.2342300470000913	0.0
-0.23323004700009142	0.0
-0.23223004700009153	0.0
-0.23123004700009164	0.0
-0.23023004700009175	0.0
-0.22923004700009186	0.0
-0.22823004700009197	0.0
-0.22723004700009208	0.0
-0.2262300470000922	0.0
-0.2252300470000923	0.0
-0.22423004700009241	0.0
-0.22323004700009252	0.0
-0.22223004700009263	0.0
-0.22123004700009274	0.0
-0.22023004700009285	0.0
-0.21923004700009296	0.0
-0.21823004700009307	0.0
-0.21723004700009318	0.0
-0.2162300470000933	0.0
-0.2152300470000934	0.0
-0.21423004700009352	0.0
-0.21323004700009363	0.0
-0.21223004700009374	0.0
-0.21123004700009385	0.0
-0.21023004700009396	0.0
-0.20923004700009407	0.0
-0.20823004700009418	0.0
-0.2072300470000943	0.0
-0.2062300470000944	0.0
-0.2052300470000945	0.0
-0.20423004700009462	0.0
-0.20323004700009473	0.0
-0.20223004700009484	0.0
-0.20123004700009495	0.0
-0.20023004700009506	0.0
-0.19923004700009517	0.0
-0.19823004700009528	0.0
-0.1972300470000954	0.0
-0.1962300470000955	0.0
-0.1952300470000956	0.0
-0.19423004700009572	0.0
-0.19323004700009583	0.0
-0.19223004700009594	0.0
-0.19123004700009605	0.0
-0.19023004700009616	0.0
-0.18923004700009627	0.0
-0.18823004700009638	0.0
-0.1872300470000965	0.0
-0.1862300470000966	0.0
-0.1852300470000967	0.0
-0.18423004700009682	0.0
-0.18323004700009693	0.0
-0.18223004700009704	0.0
-0.18123004700009715	0.0
-0.18023004700009726	0.0
-0.17923004700009737	0.0
-0.17823004700009748	0.0
-0.1772300470000976	0.0
-0.1762300470000977	0.0
-0.1752300470000978	0.0
-0.17423004700009792	0.0
-0.17323004700009803	0.0
-0.17223004700009814	0.0
-0.17123004700009825	0.0
-0.17023004700009836	0.0
-0.16923004700009847	0.0
-0.16823004700009858	0.0
-0.1672300470000987	0.0
-0.1662300470000988	0.0
-0.1652300470000989	0.0
-0.16423004700009902	0.0
-0.16323004700009913	0.0
-0.16223004700009924	0.0
-0.16123004700009935	0.0
-0.16023004700009946	0.0
-0.15923004700009957	0.0
-0.15823004700009968	0.0
-0.1572300470000998	0.0
-0.1562300470000999	0.0
-0.1552300470001	0.0
-0.15423004700010012	0.0
-0.15323004700010023	0.0
-0.15223004700010034	0.0
-0.15123004700010045	0.0
-0.15023004700010056	0.0
-0.14923004700010067	0.0
-0.14823004700010078	0.0
-0.1472300470001009	0.0
-0.146230047000101	0.0
-0.14523004700010111	0.0
-0.14423004700010122	0.0
-0.14323004700010133	0.0
-0.14223004700010144	0.0
-0.14123004700010156	0.0
-0.14023004700010167	0.0
-0.13923004700010178	0.0
-0.13823004700010189	0.0
-0.137230047000102	0.0
-0.1362300470001021	0.0
-0.13523004700010222	0.0
-0.13423004700010233	0.0
-0.13323004700010244	0.0
-0.13223004700010255	0.0
-0.13123004700010266	0.0
-0.13023004700010277	0.0
-0.12923004700010288	0.0
-0.128230047000103	0.0
-0.1272300470001031	0.0
-0.1262300470001032	0.0
-0.12523004700010332	0.0
-0.12423004700010343	0.0
-0.12323004700010354	0.0
-0.12223004700010365	0.0
-0.12123004700010376	0.0
-0.12023004700010387	0.0
-0.11923004700010398	0.0
-0.11823004700010409	0.0
-0.1172300470001042	0.0
-0.11623004700010431	0.0
-0.11523004700010442	0.0
-0.11423004700010453	0.0
-0.11323004700010464	0.0
-0.11223004700010475	0.0
-0.11123004700010486	0.0
-0.11023004700010497	0.0
-0.10923004700010508	0.0
-0.10823004700010519	0.0
-0.1072300470001053	0.0
-0.10623004700010541	0.0
-0.10523004700010552	0.0
-0.10423004700010563	0.0
-0.10323004700010574	0.0
-0.10223004700010585	0.0
-0.10123004700010596	0.0
-0.10023004700010607	0.0
-0.09923004700010618	0.0
-0.09823004700010629	0.0
-0.0972300470001064	0.0
-0.09623004700010651	0.0
-0.09523004700010662	0.0
-0.09423004700010673	0.0
-0.09323004700010684	0.0
-0.09223004700010695	0.0
-0.09123004700010706	0.0
-0.09023004700010717	0.0
-0.08923004700010728	0.0
-0.08823004700010739	0.0
-0.0872300470001075	0.0
-0.08623004700010761	0.0
-0.08523004700010772	0.0
-0.08423004700010783	0.0
-0.08323004700010794	0.0
-0.08223004700010805	0.0
-0.08123004700010816	0.0
-0.08023004700010827	0.0
-0.07923004700010838	0.0
-0.0782300470001085	0.0
-0.0772300470001086	0.0
-0.07623004700010871	0.0
-0.07523004700010882	0.0
-0.07423004700010893	0.0
-0.07323004700010904	0.0
-0.07223004700010915	0.0
-0.07123004700010926	0.0
-0.07023004700010937	0.0
-0.06923004700010948	0.0
-0.0682300470001096	0.0
-0.0672300470001097	0.0
-0.06623004700010982	0.0
-0.06523004700010993	0.0
-0.06423004700011004	0.0
-0.06323004700011015	0.0
-0.062230047000110256	0.0
-0.061230047000110366	0.0
-0.060230047000110476	0.0
-0.059230047000110586	0.0
-0.058230047000110696	0.0
-0.057230047000110806	0.0
-0.056230047000110916	0.0
-0.05523004700011103	0.0
-0.05423004700011114	0.0
-0.05323004700011125	0.0
-0.05223004700011136	0.0
-0.05123004700011147	0.0
-0.05023004700011158	0.0
-0.04923004700011169	0.0
-0.0482300470001118	0.0
-0.04723004700011191	0.0
-0.04623004700011202	0.0
-0.04523004700011213	0.0
-0.04423004700011224	0.0
-0.04323004700011235	0.0
-0.04223004700011246	0.0
-0.04123004700011257	0.0
-0.04023004700011268	0.0
-0.03923004700011279	0.0
-0.0382300470001129	0.0
-0.03723004700011301	0.0
-0.03623004700011312	0.0
-0.03523004700011323	0.0
-0.03423004700011334	0.0
-0.03323004700011345	0.0
-0.03223004700011356	0.0
-0.03123004700011367	0.0
-0.03023004700011378	0.0
-0.02923004700011389	0.0
-0.028230047000114	0.0
-0.02723004700011411	0.0
-0.02623004700011422	0.0
-0.02523004700011433	0.0
-0.02423004700011444	0.0
-0.02323004700011455	0.0
-0.02223004700011466	0.0
-0.02123004700011477	0.0
-0.02023004700011488	0.0
-0.01923004700011499	0.0
-0.0182300470001151	0.0
-0.01723004700011521	0.0
-0.016230047000115322	0.0
-0.015230047000115432	0.0
-0.014230047000115542	0.0
-0.013230047000115652	0.0
-0.012230047000115762	0.0
-0.011230047000115873	0.0
-0.010230047000115983	0.0
-0.009230047000116093	0.0
-0.008230047000116203	0.0
-0.007230047000116313	0.0
-0.006230047000116423	0.0
-0.005230047000116533	0.0
-0.0042300470001166435	0.0
-0.0032300470001167536	0.0
-0.0022300470001168637	0.0
-0.0012300470001169739	0.0
-0.000230047000117084	0.015157730913500969
0.0007699529998828059	0.07164101675535284
0.0017699529998826957	0.06866225869026185
0.0027699529998825856	0.07039672541170723
0.0037699529998824755	0.0710000181843839
0.004769952999882365	0.07126395877242993
0.005769952999882255	0.0693032572612308
0.006769952999882145	0.06881308188343102
0.007769952999882035	0.07231972112461407
0.008769952999881925	0.07126395877242993
0.009769952999881815	0.06964260944586141
0.010769952999881705	0.0709623123860916
0.011769952999881594	0.07198036893998346
0.012769952999881484	0.07156560515876825
0.013769952999881374	0.07284760230070615
0.014769952999881264	0.07179183994852201
0.015769952999881154	0.06862455289196956
0.016769952999881044	0.0709623123860916
0.017769952999880934	0.06817208331246206
0.018769952999880823	0.07028360801683037
0.019769952999880713	0.0709623123860916
0.020769952999880603	0.07326236608192135
0.021769952999880493	0.06952949205098455
0.022769952999880383	0.07130166457072222
0.023769952999880273	0.0700950790253689
0.024769952999880163	0.07299842549387531
0.025769952999880053	0.06956719784927684
0.026769952999879942	0.07122625297413764
0.027769952999879832	0.0692655514629385
0.028769952999879722	0.07001966742878432
0.029769952999879612	0.07020819642024578
0.030769952999879502	0.0710000181843839
0.03176995299987939	0.07088690078950702
0.03276995299987928	0.07115084137755305
0.03376995299987917	0.07179183994852201
0.03476995299987906	0.07115084137755305
0.03576995299987895	0.06730484995173938
0.03676995299987884	0.07156560515876825
0.03776995299987873	0.07307383709045989
0.03876995299987862	0.07081148919292243
0.03976995299987851	0.06975572684073829
0.0407699529998784	0.07171642835193742
0.04176995299987829	0.06990655003390746
0.04276995299987818	0.07250825011607553
0.04376995299987807	0.06956719784927684
0.04476995299987796	0.07314924868704448
0.04576995299987785	0.07156560515876825
0.04676995299987774	0.06839831810221582
0.04776995299987763	0.07035901961341494
0.04876995299987752	0.06983113843732287
0.04976995299987741	0.07152789936047596
0.0507699529998773	0.07081148919292243
0.05176995299987719	0.06824749490904665
0.05276995299987708	0.07209348633486033
0.05376995299987697	0.07152789936047596
0.05476995299987686	0.06986884423561517
0.05576995299987675	0.07228201532632178
0.05676995299987664	0.06854914129538497
0.05776995299987653	0.07318695448533677
0.05876995299987642	0.07243283851949095
0.05976995299987631	0.07175413415022971
0.0607699529998762	0.07179183994852201
0.06176995299987609	0.07198036893998346
0.06276995299987598	0.06900161087489247
0.06376995299987587	0.07205578053656804
0.06476995299987576	0.06670155717906272
0.06576995299987565	0.0709623123860916
0.06676995299987554	0.07069837179804556
0.06776995299987543	0.07001966742878432
0.06876995299987532	0.06941637465610767
0.0697699529998752	0.07050984280658411
0.0707699529998751	0.07084919499121473
0.07176995299987499	0.06975572684073829
0.07276995299987488	0.06900161087489247
0.07376995299987477	0.07073607759633785
0.07476995299987466	0.06941637465610767
0.07576995299987455	0.07103772398267619
0.07676995299987444	0.07081148919292243
0.07776995299987433	0.07182954574681429
0.07876995299987422	0.0700950790253689
0.0797699529998741	0.06998196163049203
0.080769952999874	0.07307383709045989
0.08176995299987388	0.07231972112461407
0.08276995299987377	0.06986884423561517
0.08376995299987366	0.069718021042446
0.08476995299987355	0.06492938465932505
0.08576995299987344	0.07130166457072222
0.08676995299987333	0.06915243406806164
0.08776995299987322	0.06869996448855414
0.08876995299987311	0.07360171826655197
0.089769952999873	0.06869996448855414
0.0907699529998729	0.07299842549387531
0.09176995299987278	0.07265907330924469
0.09276995299987267	0.06979343263903058
0.09376995299987256	0.0705475486048764
0.09476995299987245	0.07265907330924469
0.09576995299987234	0.06998196163049203
0.09676995299987223	0.07035901961341494
0.09776995299987212	0.073865658854598
0.09876995299987201	0.07269677910753698
0.0997699529998719	0.07017049062195349
0.10076995299987179	0.07311154288875218
0.10176995299987168	0.0693032572612308
0.10276995299987157	0.07081148919292243
0.10376995299987146	0.07073607759633785
0.10476995299987135	0.0734508950733828
0.10576995299987124	0.06892619927830788
0.10676995299987113	0.07205578053656804
0.10776995299987102	0.06877537608513873
0.10876995299987091	0.06907702247147705
0.1097699529998708	0.0680589659175852
0.11076995299987069	0.07024590221853808
0.11176995299987058	0.06820978911075436
0.11276995299987047	0.07111313557926076
0.11376995299987036	0.07058525440316869
0.11476995299987025	0.0692655514629385
0.11576995299987014	0.06862455289196956
0.11676995299987003	0.06869996448855414
0.11776995299986992	0.06621138180126294
0.11876995299986981	0.07231972112461407
0.1197699529998697	0.07081148919292243
0.12076995299986959	0.06756879053978541
0.12176995299986948	0.0667769687756473
0.12276995299986937	0.06734255575003166
0.12376995299986926	0.06715402675857021
0.12476995299986915	0.06715402675857021
0.12576995299986904	0.06756879053978541
0.12676995299986893	0.0701327848236612
0.12776995299986882	0.06617367600297065
0.1287699529998687	0.06828520070733894
0.1297699529998686	0.06613597020467836
0.1307699529998685	0.06692779196881647
0.13176995299986838	0.0667769687756473
0.13276995299986827	0.0676064963380777
0.13376995299986816	0.06606055860809378
0.13476995299986805	0.07028360801683037
0.13576995299986794	0.06557038323029399
0.13676995299986783	0.06730484995173938
0.13776995299986772	0.06643761659101668
0.1387699529998676	0.0630440947447105
0.1397699529998675	0.06862455289196956
0.1407699529998674	0.0655326774320017
0.14176995299986728	0.06274244835837217
0.14276995299986717	0.06425068029006381
0.14376995299986706	0.06606055860809378
0.14476995299986695	0.06353427012251028
0.14576995299986684	0.06379821071055632
0.14676995299986673	0.0639113281054332
0.14776995299986662	0.06492938465932505
0.1487699529998665	0.06421297449177152
0.1497699529998664	0.06376050491226402
0.15076995299986629	0.06327032953446424
0.15176995299986618	0.061498157014726565
0.15276995299986607	0.06379821071055632
0.15376995299986596	0.06357197592080258
0.15476995299986585	0.061875214997649475
0.15576995299986574	0.06281785995495676
0.15676995299986562	0.05897186852914307
0.15776995299986551	0.06232768457715697
0.1587699529998654	0.06119651062838824
0.1597699529998653	0.05878333953768162
0.16076995299986518	0.060517806259127005
0.16176995299986507	0.06153586281301886
0.16276995299986496	0.06006533667961951
0.16376995299986485	0.061875214997649475
0.16476995299986474	0.058707927941097034
0.16576995299986463	0.06108339323351137
0.16676995299986452	0.05776528298378976
0.1677699529998644	0.05980139609157347
0.1687699529998643	0.05893416273085078
0.1697699529998642	0.05780298878208205
0.17076995299986408	0.059122691722312236
0.17176995299986397	0.05806692937012809
0.17276995299986386	0.057463636597451434
0.17376995299986375	0.05667181483331332
0.17476995299986364	0.0580292235718358
0.17576995299986353	0.055842287270882925
0.17676995299986342	0.05512587710332939
0.1777699529998633	0.05587999306917521
0.1787699529998632	0.056596403236728744
0.1797699529998631	0.05576687567429834
0.18076995299986298	0.056332462648682705
0.18176995299986287	0.052524177021161314
0.18276995299986276	0.05437176113748358
0.18376995299986265	0.05603081626234438
0.18476995299986254	0.05422093794431441
0.18576995299986243	0.052938940802376516
0.18676995299986232	0.054334055339191285
0.1877699529998622	0.053202881390422556
0.1887699529998621	0.053693056768222336
0.189769952999862	0.05226023643311528
0.19076995299986188	0.05195859004677695
0.19176995299986177	0.05237335382799215
0.19276995299986166	0.052675000214330484
0.19376995299986155	0.051166768282638844
0.19476995299986144	0.04818801021754786
0.19576995299986133	0.04856506820047077
0.19676995299986122	0.04943230156119346
0.1977699529998611	0.04720765946194829
0.198769952999861	0.04766012904145578
0.1997699529998609	0.050035594333870115
0.20076995299986078	0.04848965660388618
0.20176995299986067	0.047848658032917234
0.20276995299986056	0.04833883341071702
0.20376995299986045	0.04916836097314742
0.20476995299986034	0.048904420385101385
0.20576995299986023	0.04671748408414851
0.20676995299986012	0.04845195080559389
0.20776995299986	0.046528955092687056
0.2087699529998599	0.047019130470486836
0.2097699529998598	0.047471600049994324
0.21076995299985968	0.04377643181734981
0.21176995299985957	0.04618960290805643
0.21276995299985946	0.045737133328548944
0.21376995299985935	0.04667977828585622
0.21476995299985924	0.04630272030293331
0.21576995299985913	0.04419119559856501
0.21676995299985902	0.04524695795074916
0.2177699529998589	0.04400266660710356
0.2187699529998588	0.041589495516396936
0.2197699529998587	0.04306002164979628
0.22076995299985858	0.04313543324638087
0.22176995299985847	0.04302231585150399
0.22276995299985836	0.041928847701027554
0.22376995299985825	0.041551789718104644
0.22476995299985814	0.04366331442247294
0.22576995299985803	0.04355019702759607
0.22676995299985792	0.04200425929761214
0.2277699529998578	0.04226819988565817
0.2287699529998577	0.040684556357381954
0.22976995299985759	0.04075996795396653
0.23076995299985748	0.04128784913005861
0.23176995299985736	0.03940255921544406
0.23276995299985725	0.041815730306150684
0.23376995299985714	0.03827138526667533
0.23476995299985703	0.03974191140007468
0.23576995299985692	0.037177917116198896
0.23676995299985681	0.0392517360222749
0.2377699529998567	0.038422208459844495
0.2387699529998566	0.037404151905952636
0.23976995299985648	0.036159860562307036
0.24076995299985637	0.035895919974261004
0.24176995299985626	0.03706479972132202
0.24276995299985615	0.034613922832323105
0.24376995299985604	0.03849762005642908
0.24476995299985593	0.03665003594010682
0.24576995299985582	0.03732874030936806
0.2467699529998557	0.037027093923029726
0.2477699529998556	0.03333192569038521
0.2487699529998555	0.036876270729860564
0.24976995299985538	0.034613922832323105
0.2507699529998553	0.03657462434352224
0.25176995299985516	0.03367127787501583
0.25276995299985505	0.03597133157084558
0.25376995299985494	0.033256514093800635
0.25476995299985483	0.03352045468184667
0.2557699529998547	0.033369631488677505
0.2567699529998546	0.03291716190917002
0.2577699529998545	0.03355816048013896
0.2587699529998544	0.03318110249721605
0.2597699529998543	0.03208763434673961
0.26076995299985417	0.03182369375869357
0.26176995299985406	0.030277756028709645
0.26276995299985395	0.03269092711941627
0.26376995299985384	0.029561345861156118
0.26476995299985373	0.030956460397970884
0.2657699529998536	0.02971216905432528
0.2667699529998535	0.03197451695186274
0.2677699529998534	0.030730225608217136
0.2687699529998533	0.028694112500433425
0.2697699529998532	0.030956460397970884
0.27076995299985307	0.029448228466279244
0.27176995299985296	0.029485934264571537
0.27276995299985285	0.028580995105556554
0.27376995299985274	0.029561345861156118
0.27476995299985263	0.02771376174483386
0.2757699529998525	0.02729899796361866
0.2767699529998524	0.027600644349956988
0.2777699529998523	0.02680882258581888
0.2787699529998522	0.027525232753372406
0.2797699529998521	0.029071170483356334
0.28076995299985197	0.026657999392649713
0.28176995299985186	0.02613011821655764
0.28276995299985175	0.024735003679742875
0.28376995299985164	0.025149767460958074
0.28476995299985153	0.023528418134389564
0.2857699529998514	0.02605470661997306
0.2867699529998513	0.025866177628511604
0.2877699529998512	0.023189065949758943
0.2887699529998511	0.024320239898527673
0.289769952999851	0.025262884855834947
0.29076995299985087	0.02409400510877393
0.29176995299985076	0.02718588056874179
0.29276995299985065	0.025187473259250366
0.29376995299985054	0.02383006452072789
0.2947699529998504	0.024508768889989128
0.2957699529998503	0.023453006537804983
0.2967699529998502	0.02262347897537458
0.2977699529998501	0.022812007966836034
0.29876995299985	0.022736596370251452
0.2997699529998499	0.022434949983913124
0.30076995299984977	0.022020186202697925
0.30176995299984966	0.021492305026605853
0.30276995299984955	0.022736596370251452
0.30376995299984944	0.01956930931369901
0.3047699529998493	0.022095597799282506
0.3057699529998492	0.019908661498329632
0.3067699529998491	0.020775894859052322
0.307769952999849	0.020398836876129412
0.3087699529998489	0.021341481833436687
0.3097699529998488	0.01949389771711443
0.31076995299984866	0.020587365867590867
0.31176995299984855	0.019343074523945267
0.31276995299984844	0.02017260208637567
0.31376995299984833	0.019720132506868177
0.3147699529998482	0.01987095570003734
0.3157699529998481	0.018551252759807155
0.316769952999848	0.01956930931369901
0.3177699529998479	0.01949389771711443
0.3187699529998478	0.018475841163222574
0.3197699529998477	0.018551252759807155
0.32076995299984756	0.018023371583715083
0.32176995299984745	0.01760860780249988
0.32276995299984734	0.01640202225714657
0.32376995299984723	0.018098783180299664
0.3247699529998471	0.016590551248608025
0.325769952999847	0.018400429566637993
0.3267699529998469	0.017684019399084462
0.3277699529998468	0.017495490407623007
0.3287699529998467	0.01610037587080824
0.32976995299984657	0.015874141081054498
0.33076995299984646	0.017043020828115516
0.33176995299984635	0.016892197634946354
0.33276995299984624	0.01523314251008555
0.33376995299984613	0.01602496427422366
0.334769952999846	0.01723154981957697
0.3357699529998459	0.01481837872887035
0.3367699529998458	0.014215085956193694
0.3377699529998457	0.01598725847593137
0.3387699529998456	0.015459377299839296
0.33976995299984547	0.01440361494765515
0.34076995299984536	0.01406426276302453
0.34176995299984525	0.014592143939116604
0.34276995299984514	0.01598725847593137
0.34376995299984503	0.01519543671179326
0.3447699529998449	0.014969201922039514
0.3457699529998448	0.014328203351070568
0.3467699529998447	0.013951145368147658
0.3477699529998446	0.013951145368147658
0.3487699529998445	0.013385558393763293
0.34976995299984437	0.013197029402301838
0.35076995299984426	0.015120025115208678
0.35176995299984415	0.01289538301596351
0.35276995299984404	0.012556030831332892
0.35376995299984393	0.013536381586932458
0.3547699529998438	0.012593736629625183
0.3557699529998437	0.01327244099888642
0.3567699529998436	0.01285767721767122
0.3577699529998435	0.011613385874025618
0.3587699529998434	0.012329796041579147
0.35976995299984327	0.011274033689394999
0.36076995299984316	0.01327244099888642
0.36176995299984305	0.011085504697933544
0.36276995299984294	0.01364949898180933
0.3637699529998428	0.013121617805717257
0.3647699529998427	0.012556030831332892
0.3657699529998426	0.010783858311595217
0.3667699529998425	0.01248061923474831
0.3677699529998424	0.010029742345749397
0.3687699529998423	0.011537974277441037
0.36976995299984217	0.010519917723549179
0.37076995299984206	0.010105153942333979
0.37176995299984195	0.011010093101348963
0.37276995299984184	0.009351037976488159
0.3737699529998417	0.009841213354287942
0.3747699529998416	0.011010093101348963
0.3757699529998415	0.010633035118426053
0.3767699529998414	0.009351037976488159
0.3777699529998413	0.010482211925256888
0.3787699529998412	0.011462562680856454
0.37976995299984107	0.009351037976488159
0.38076995299984095	0.009237920581611287
0.38176995299984084	0.009577272766241906
0.38276995299984073	0.009464155371365033
0.3837699529998406	0.010029742345749397
0.3847699529998405	0.009313332178195868
0.3857699529998404	0.008747745203811504
0.3867699529998403	0.009464155371365033
0.3877699529998402	0.008370687220888594
0.3887699529998401	0.007880511843088812
0.38976995299983996	0.008521510414057758
0.39076995299983985	0.008559216212350049
0.39176995299983974	0.009200214783318996
0.39276995299983963	0.008936274195272959
0.3937699529998395	0.008370687220888594
0.3947699529998394	0.009878919152580233
0.3957699529998393	0.007880511843088812
0.3967699529998392	0.006900161087489247
0.3977699529998391	0.008936274195272959
0.398769952999839	0.007541159658458194
0.39976995299983886	0.008106746632842558
0.40076995299983875	0.008144452431134848
0.40176995299983864	0.006447691507981755
0.40276995299983853	0.007201807473827575
0.4037699529998384	0.007541159658458194
0.4047699529998383	0.007164101675535284
0.4057699529998382	0.007729688649919648
0.4067699529998381	0.007691982851627357
0.407769952999838	0.00742804226358132
0.40876995299983787	0.0071263958772429924
0.40976995299983776	0.00780510024650423
0.41076995299983765	0.0060329277267665545
0.41176995299983754	0.007352630666996739
0.41276995299983743	0.005995221928474264
0.4137699529998373	0.006183750919935719
0.4147699529998372	0.006824749490904665
0.4157699529998371	0.00701327848236612
0.416769952999837	0.006560808902858629
0.4177699529998369	0.006711632096027792
0.41876995299983677	0.005995221928474264
0.41976995299983666	0.0049394595762901165
0.42076995299983655	0.006862455289196956
0.42176995299983644	0.0067493378943200835
0.42276995299983633	0.005542752348966772
0.4237699529998362	0.005731281340428227
0.4247699529998361	0.005241105962628444
0.425769952999836	0.005580458147259063
0.4267699529998359	0.005505046550674481
0.4277699529998358	0.005316517559213026
0.42876995299983567	0.00663622049944321
0.42976995299983556	0.005693575542135936
0.43076995299983545	0.0053919291557976085
0.43176995299983534	0.005806692937012809
0.43276995299983523	0.005731281340428227
0.4337699529998351	0.006259162516520301
0.434769952999835	0.005467340752382191
0.4357699529998349	0.005768987138720518
0.4367699529998348	0.004826342181413244
0.4377699529998347	0.005165694366043862
0.43876995299983457	0.005090282769459281
0.43976995299983446	0.004788636383120953
0.44076995299983435	0.004373872601905752
0.44176995299983424	0.004977165374582408
0.4427699529998341	0.005580458147259063
0.443769952999834	0.0038836972241059696
0.4447699529998339	0.005090282769459281
0.4457699529998338	0.004901753777997826
0.4467699529998337	0.004109932013859716
0.4477699529998336	0.004562401593367207
0.44876995299983347	0.003431227644598478
0.44976995299983336	0.005014871172874699
0.45076995299983325	0.003921403022398261
0.45176995299983314	0.004260755207028879
0.452769952999833	0.0042984610053211705
0.4537699529998329	0.0040345204172751335
0.4547699529998328	0.0036574624343522237
0.4557699529998327	0.004524695795074916
0.4567699529998326	0.004109932013859716
0.4577699529998325	0.003959108820690551
0.45876995299983236	0.003732874030936806
0.45976995299983225	0.003770579829229097
0.46076995299983214	0.004072226215567424
0.46176995299983203	0.003732874030936806
0.4627699529998319	0.004147637812152006
0.4637699529998318	0.003959108820690551
0.4647699529998317	0.003996814618982843
0.4657699529998316	0.00350663924118306
0.4667699529998315	0.003393521846306187
0.4677699529998314	0.0032426986531370232
0.46876995299983126	0.003996814618982843
0.46976995299983115	0.003318110249721605
0.47076995299983104	0.0038459914258136786
0.47176995299983093	0.0028656406702141134
0.4727699529998308	0.0036574624343522237
0.4737699529998307	0.003355816048013896
0.4747699529998306	0.003619756636059933
0.4757699529998305	0.0028656406702141134
0.4767699529998304	0.00350663924118306
0.47776995299983027	0.0025639942838757857
0.47876995299983016	0.0028656406702141134
0.47976995299983005	0.0027525232753372406
0.48076995299982994	0.0028279348719218223
0.48176995299982983	0.0027902290736295317
0.4827699529998297	0.0027148174770449496
0.4837699529998296	0.002639405880460368
0.4847699529998295	0.003318110249721605
0.4857699529998294	0.0029410522667986955
0.4867699529998293	0.0025639942838757857
0.48776995299982917	0.0029033464685064045
0.48876995299982906	0.0029410522667986955
0.48976995299982895	0.002413171090706622
0.49076995299982884	0.0021492305026605853
0.49176995299982873	0.0026771116787526585
0.4927699529998286	0.002488582687291204
0.4937699529998285	0.002186936300952876
0.4947699529998284	0.002262347897537458
0.4957699529998283	0.002262347897537458
0.4967699529998282	0.002073818906076003
0.49776995299982807	0.002413171090706622
0.49876995299982796	0.002186936300952876
0.49976995299982785	0.0023377594941220397
0.5007699529998277	0.0019984073094914214
0.5017699529998276	0.0016213493265685116
0.5027699529998275	0.0021492305026605853
0.5037699529998274	0.0019984073094914214
0.5047699529998273	0.0025639942838757857
0.5057699529998272	0.002036113107783712
0.5067699529998271	0.0018852899146145484
0.507769952999827	0.002262347897537458
0.5087699529998269	0.0025262884855834947
0.5097699529998267	0.0017344667214453844
0.5107699529998266	0.0016967609231530935
0.5117699529998265	0.0019229957129068393
0.5127699529998264	0.0019984073094914214
0.5137699529998263	0.0016967609231530935
0.5147699529998262	0.0019607015111991304
0.5157699529998261	0.0016967609231530935
0.516769952999826	0.0015459377299839297
0.5177699529998259	0.0019229957129068393
0.5187699529998258	0.0016213493265685116
0.5197699529998256	0.0019229957129068393
0.5207699529998255	0.001093468150476438
0.5217699529998254	0.0019607015111991304
0.5227699529998253	0.0016967609231530935
0.5237699529998252	0.0017721725197376755
0.5247699529998251	0.0016967609231530935
0.525769952999825	0.0018852899146145484
0.5267699529998249	0.0017721725197376755
0.5277699529998248	0.0013574087385224748
0.5287699529998247	0.0018098783180299665
0.5297699529998245	0.0017344667214453844
0.5307699529998244	0.0016590551248608025
0.5317699529998243	0.001244291343645602
0.5327699529998242	0.001206585545353311
0.5337699529998241	0.0018852899146145484
0.534769952999824	0.001319702940230184
0.5357699529998239	0.001206585545353311
0.5367699529998238	0.0014328203351070567
0.5377699529998237	0.001244291343645602
0.5387699529998236	0.0013951145368147658
0.5397699529998234	0.0015459377299839297
0.5407699529998233	0.0015836435282762205
0.5417699529998232	0.0014705261333993478
0.5427699529998231	0.0008672333607226922
0.543769952999823	0.0014705261333993478
0.5447699529998229	0.0006787043692612374
0.5457699529998228	0.0013951145368147658
0.5467699529998227	0.001131173948768729
0.5477699529998226	0.001319702940230184
0.5487699529998225	0.0007918217641381103
0.5497699529998223	0.0012819971419378929
0.5507699529998222	0.001131173948768729
0.5517699529998221	0.001244291343645602
0.552769952999822	0.001093468150476438
0.5537699529998219	0.001093468150476438
0.5547699529998218	0.0009803507555995652
0.5557699529998217	0.0009426449573072742
0.5567699529998216	0.001018056553891856
0.5577699529998215	0.001244291343645602
0.5587699529998214	0.0007541159658458193
0.5597699529998212	0.0009049391590149833
0.5607699529998211	0.0007541159658458193
0.561769952999821	0.001093468150476438
0.5627699529998209	0.0007164101675535284
0.5637699529998208	0.001131173948768729
0.5647699529998207	0.0009803507555995652
0.5657699529998206	0.0009803507555995652
0.5667699529998205	0.0007918217641381103
0.5677699529998204	0.0009803507555995652
0.5687699529998202	0.0008672333607226922
0.5697699529998201	0.0009803507555995652
0.57076995299982	0.0012819971419378929
0.5717699529998199	0.0009049391590149833
0.5727699529998198	0.0009049391590149833
0.5737699529998197	0.0007541159658458193
0.5747699529998196	0.0007918217641381103
0.5757699529998195	0.001018056553891856
0.5767699529998194	0.0007918217641381103
0.5777699529998193	0.0009049391590149833
0.5787699529998191	0.0006032927726766555
0.579769952999819	0.0006032927726766555
0.5807699529998189	0.0007541159658458193
0.5817699529998188	0.0009426449573072742
0.5827699529998187	0.0006032927726766555
0.5837699529998186	0.0006787043692612374
0.5847699529998185	0.0006787043692612374
0.5857699529998184	0.0006409985709689464
0.5867699529998183	0.0008672333607226922
0.5877699529998182	0.001055762352184147
0.588769952999818	0.0006787043692612374
0.5897699529998179	0.0005278811760920735
0.5907699529998178	0.0007164101675535284
0.5917699529998177	0.0009049391590149833
0.5927699529998176	0.0005278811760920735
0.5937699529998175	0.0005655869743843645
0.5947699529998174	0.0005655869743843645
0.5957699529998173	0.0006032927726766555
0.5967699529998172	0.0007164101675535284
0.5977699529998171	0.00030164638633832774
0.598769952999817	0.0006032927726766555
0.5997699529998168	0.0006032927726766555
0.6007699529998167	0.0006409985709689464
0.6017699529998166	0.00022623478975374581
0.6027699529998165	0.0003393521846306187
0.6037699529998164	0.0006032927726766555
0.6047699529998163	0.0004901753777997826
0.6057699529998162	0.0005655869743843645
0.6067699529998161	0.0004147637812152006
0.607769952999816	0.0004147637812152006
0.6087699529998158	0.00030164638633832774
0.6097699529998157	0.00030164638633832774
0.6107699529998156	0.0005655869743843645
0.6117699529998155	0.0004147637812152006
0.6127699529998154	0.00037705798292290966
0.6137699529998153	0.00037705798292290966
0.6147699529998152	0.00030164638633832774
0.6157699529998151	0.00037705798292290966
0.616769952999815	0.00030164638633832774
0.6177699529998149	0.0006409985709689464
0.6187699529998147	0.0007164101675535284
0.6197699529998146	0.0004147637812152006
0.6207699529998145	0.00045246957950749163
0.6217699529998144	0.00045246957950749163
0.6227699529998143	0.0005278811760920735
0.6237699529998142	0.0006409985709689464
0.6247699529998141	0.00037705798292290966
0.625769952999814	0.00037705798292290966
0.6267699529998139	0.00037705798292290966
0.6277699529998138	0.0002639405880460368
0.6287699529998136	0.00030164638633832774
0.6297699529998135	0.00022623478975374581
0.6307699529998134	0.0004147637812152006
0.6317699529998133	0.0004147637812152006
0.6327699529998132	0.0005278811760920735
0.6337699529998131	0.0005655869743843645
0.634769952999813	0.0002639405880460368
0.6357699529998129	0.00011311739487687291
0.6367699529998128	0.0002639405880460368
0.6377699529998127	0.00018852899146145483
0.6387699529998125	0.00018852899146145483
0.6397699529998124	0.00045246957950749163
0.6407699529998123	0.0006032927726766555
0.6417699529998122	0.0004147637812152006
0.6427699529998121	0.00037705798292290966
0.643769952999812	0.00018852899146145483
0.6447699529998119	0.0004901753777997826
0.6457699529998118	0.00045246957950749163
0.6467699529998117	0.00022623478975374581
0.6477699529998115	0.00022623478975374581
0.6487699529998114	3.770579829229097e-05
0.6497699529998113	0.0002639405880460368
0.6507699529998112	0.0003393521846306187
0.6517699529998111	0.0002639405880460368
0.652769952999811	0.00022623478975374581
0.6537699529998109	0.0002639405880460368
0.6547699529998108	0.00037705798292290966
0.6557699529998107	3.770579829229097e-05
0.6567699529998106	0.00015082319316916387
0.6577699529998104	0.00030164638633832774
0.6587699529998103	0.00018852899146145483
0.6597699529998102	0.00037705798292290966
0.6607699529998101	0.00011311739487687291
0.66176995299981	0.00011311739487687291
0.6627699529998099	0.00030164638633832774
0.6637699529998098	0.00018852899146145483
0.6647699529998097	0.00011311739487687291
0.6657699529998096	0.00045246957950749163
0.6667699529998095	0.00018852899146145483
0.6677699529998093	0.0002639405880460368
0.6687699529998092	0.00015082319316916387
0.6697699529998091	3.770579829229097e-05
0.670769952999809	0.00015082319316916387
0.6717699529998089	0.00018852899146145483
0.6727699529998088	3.770579829229097e-05
0.6737699529998087	0.00022623478975374581
0.6747699529998086	0.0002639405880460368
0.6757699529998085	0.0002639405880460368
0.6767699529998084	0.00018852899146145483
0.6777699529998082	0.00015082319316916387
0.6787699529998081	7.541159658458193e-05
0.679769952999808	0.00015082319316916387
0.6807699529998079	0.0002639405880460368
0.6817699529998078	0.00022623478975374581
0.6827699529998077	3.770579829229097e-05
0.6837699529998076	7.541159658458193e-05
0.6847699529998075	7.541159658458193e-05
0.6857699529998074	0.00011311739487687291
0.6867699529998073	0.0002639405880460368
0.6877699529998071	0.00022623478975374581
0.688769952999807	0.00030164638633832774
0.6897699529998069	0.00022623478975374581
0.6907699529998068	7.541159658458193e-05
0.6917699529998067	0.00011311739487687291
0.6927699529998066	0.00018852899146145483
0.6937699529998065	0.00011311739487687291
0.6947699529998064	0.00018852899146145483
0.6957699529998063	0.00030164638633832774
0.6967699529998062	0.00018852899146145483
0.697769952999806	0.00011311739487687291
0.6987699529998059	3.770579829229097e-05
0.6997699529998058	7.541159658458193e-05
0.7007699529998057	0.00018852899146145483
0.7017699529998056	0.00011311739487687291
0.7027699529998055	7.541159658458193e-05
0.7037699529998054	0.00022623478975374581
0.7047699529998053	0.00018852899146145483
0.7057699529998052	3.770579829229097e-05
0.706769952999805	0.00018852899146145483
0.7077699529998049	0.00015082319316916387
0.7087699529998048	7.541159658458193e-05
0.7097699529998047	3.770579829229097e-05
0.7107699529998046	0.0
0.7117699529998045	0.0
0.7127699529998044	0.0
0.7137699529998043	0.00018852899146145483
0.7147699529998042	7.541159658458193e-05
0.7157699529998041	3.770579829229097e-05
0.716769952999804	7.541159658458193e-05
0.7177699529998038	3.770579829229097e-05
0.7187699529998037	0.0
0.7197699529998036	0.00011311739487687291
0.7207699529998035	0.0
0.7217699529998034	0.00011311739487687291
0.7227699529998033	0.0
0.7237699529998032	7.541159658458193e-05
0.7247699529998031	0.00015082319316916387
0.725769952999803	0.00015082319316916387
0.7267699529998028	0.00018852899146145483
0.7277699529998027	7.541159658458193e-05
0.7287699529998026	3.770579829229097e-05
0.7297699529998025	0.00011311739487687291
0.7307699529998024	3.770579829229097e-05
0.7317699529998023	7.541159658458193e-05
0.7327699529998022	3.770579829229097e-05
0.7337699529998021	3.770579829229097e-05
0.734769952999802	0.00015082319316916387
0.7357699529998019	3.770579829229097e-05
0.7367699529998017	7.541159658458193e-05
0.7377699529998016	7.541159658458193e-05
0.7387699529998015	0.00011311739487687291
0.7397699529998014	0.00011311739487687291
0.7407699529998013	3.770579829229097e-05
0.7417699529998012	7.541159658458193e-05
0.7427699529998011	0.00011311739487687291
0.743769952999801	0.0
0.7447699529998009	0.00018852899146145483
0.7457699529998008	7.541159658458193e-05
0.7467699529998006	0.0
0.7477699529998005	7.541159658458193e-05
0.7487699529998004	0.0
0.7497699529998003	7.541159658458193e-05
0.7507699529998002	3.770579829229097e-05
0.7517699529998001	7.541159658458193e-05
0.7527699529998	0.0
0.7537699529997999	7.541159658458193e-05
0.7547699529997998	3.770579829229097e-05
0.7557699529997997	3.770579829229097e-05
0.7567699529997995	3.770579829229097e-05
0.7577699529997994	0.0
0.7587699529997993	3.770579829229097e-05
0.7597699529997992	0.0
0.7607699529997991	3.770579829229097e-05
0.761769952999799	0.0
0.7627699529997989	7.541159658458193e-05
0.7637699529997988	0.00011311739487687291
0.7647699529997987	0.00011311739487687291
0.7657699529997986	3.770579829229097e-05
0.7667699529997984	0.0
0.7677699529997983	0.0
0.7687699529997982	3.770579829229097e-05
0.7697699529997981	3.770579829229097e-05
0.770769952999798	3.770579829229097e-05
0.7717699529997979	3.770579829229097e-05
0.7727699529997978	0.00011311739487687291
0.7737699529997977	7.541159658458193e-05
0.7747699529997976	7.541159658458193e-05
0.7757699529997975	7.541159658458193e-05
0.7767699529997973	0.00011311739487687291
0.7777699529997972	0.0
0.7787699529997971	0.00015082319316916387
0.779769952999797	0.0
0.7807699529997969	3.770579829229097e-05
0.7817699529997968	7.541159658458193e-05
0.7827699529997967	0.0
0.7837699529997966	7.541159658458193e-05
0.7847699529997965	0.0
0.7857699529997964	0.0
0.7867699529997962	7.541159658458193e-05
0.7877699529997961	0.0
0.788769952999796	0.0
0.7897699529997959	0.0
0.7907699529997958	3.770579829229097e-05
0.7917699529997957	0.0
0.7927699529997956	0.0
0.7937699529997955	3.770579829229097e-05
0.7947699529997954	0.0
0.7957699529997952	0.0
0.7967699529997951	0.0
0.797769952999795	0.0
0.7987699529997949	3.770579829229097e-05
0.7997699529997948	3.770579829229097e-05
0.8007699529997947	0.00015082319316916387
0.8017699529997946	0.0
0.8027699529997945	0.0
0.8037699529997944	0.0
0.8047699529997943	3.770579829229097e-05
0.8057699529997941	0.0
0.806769952999794	0.00011311739487687291
0.8077699529997939	3.770579829229097e-05
0.8087699529997938	3.770579829229097e-05
0.8097699529997937	0.0
0.8107699529997936	0.0
0.8117699529997935	0.00011311739487687291
0.8127699529997934	0.0
0.8137699529997933	0.0
0.8147699529997932	3.770579829229097e-05
0.815769952999793	7.541159658458193e-05
0.8167699529997929	0.0
0.8177699529997928	0.0
0.8187699529997927	0.0
0.8197699529997926	0.0
0.8207699529997925	3.770579829229097e-05
0.8217699529997924	0.0
0.8227699529997923	0.0
0.8237699529997922	0.0
0.824769952999792	0.0
0.825769952999792	3.770579829229097e-05
0.8267699529997918	0.0
0.8277699529997917	3.770579829229097e-05
0.8287699529997916	3.770579829229097e-05
0.8297699529997915	0.0
0.8307699529997914	0.0
0.8317699529997913	0.0
0.8327699529997912	3.770579829229097e-05
0.8337699529997911	0.0
0.834769952999791	3.770579829229097e-05
0.8357699529997908	0.0
0.8367699529997907	3.770579829229097e-05
0.8377699529997906	0.0
0.8387699529997905	0.0
0.8397699529997904	0.0
0.8407699529997903	0.0
0.8417699529997902	0.0
0.8427699529997901	0.0
0.84376995299979	3.770579829229097e-05
0.8447699529997899	3.770579829229097e-05
0.8457699529997897	0.0
0.8467699529997896	7.541159658458193e-05
0.8477699529997895	3.770579829229097e-05
0.8487699529997894	0.0
0.8497699529997893	3.770579829229097e-05
0.8507699529997892	3.770579829229097e-05
0.8517699529997891	7.541159658458193e-05
0.852769952999789	0.0
0.8537699529997889	0.0
0.8547699529997888	0.0
0.8557699529997886	3.770579829229097e-05
0.8567699529997885	0.0
0.8577699529997884	0.0
0.8587699529997883	0.0
0.8597699529997882	0.0
0.8607699529997881	3.770579829229097e-05
0.861769952999788	0.0
0.8627699529997879	0.0
0.8637699529997878	0.0
0.8647699529997876	0.0
0.8657699529997875	0.0
0.8667699529997874	0.0
0.8677699529997873	0.0
0.8687699529997872	0.0
0.8697699529997871	3.770579829229097e-05
0.870769952999787	0.0
0.8717699529997869	0.0
0.8727699529997868	0.0
0.8737699529997867	0.0
0.8747699529997865	0.0
0.8757699529997864	0.0
0.8767699529997863	0.0
0.8777699529997862	0.0
0.8787699529997861	0.0
0.879769952999786	0.0
0.8807699529997859	0.0
0.8817699529997858	0.0
0.8827699529997857	0.0
0.8837699529997856	3.770579829229097e-05
0.8847699529997854	0.0
0.8857699529997853	0.0
0.8867699529997852	0.0
0.8877699529997851	0.0
0.888769952999785	0.0
0.8897699529997849	0.0
0.8907699529997848	0.0
0.8917699529997847	0.0
0.8927699529997846	0.0
0.8937699529997845	0.0
0.8947699529997843	0.0
0.8957699529997842	0.0
0.8967699529997841	0.0
0.897769952999784	0.0
0.8987699529997839	0.0
0.8997699529997838	3.770579829229097e-05
0.9007699529997837	0.0
0.9017699529997836	3.770579829229097e-05
0.9027699529997835	0.0
0.9037699529997834	0.0
0.9047699529997832	3.770579829229097e-05
0.9057699529997831	0.0
0.906769952999783	0.0
0.9077699529997829	0.0
0.9087699529997828	0.0
0.9097699529997827	0.0
0.9107699529997826	0.0
0.9117699529997825	3.770579829229097e-05
0.9127699529997824	0.0
0.9137699529997823	0.0
0.9147699529997821	0.0
0.915769952999782	0.0
0.9167699529997819	0.0
0.9177699529997818	0.0
0.9187699529997817	0.0
0.9197699529997816	0.0
0.9207699529997815	7.541159658458193e-05
0.9217699529997814	0.0
0.9227699529997813	0.0
0.9237699529997812	0.0
0.924769952999781	0.0
0.9257699529997809	3.770579829229097e-05
0.9267699529997808	0.0
0.9277699529997807	0.0
0.9287699529997806	0.0
0.9297699529997805	0.0
0.9307699529997804	3.770579829229097e-05
0.9317699529997803	0.0
0.9327699529997802	0.0
0.93376995299978	0.0
0.9347699529997799	0.0
0.9357699529997798	3.770579829229097e-05
0.9367699529997797	0.0
0.9377699529997796	3.770579829229097e-05
0.9387699529997795	0.0
0.9397699529997794	0.0
0.9407699529997793	0.0
0.9417699529997792	0.0
0.9427699529997791	0.0
0.943769952999779	0.0
0.9447699529997788	0.0
0.9457699529997787	0.0
0.9467699529997786	0.0
0.9477699529997785	0.0
0.9487699529997784	0.0
0.9497699529997783	0.0
0.9507699529997782	3.770579829229097e-05
0.9517699529997781	3.770579829229097e-05
0.952769952999778	0.0
0.9537699529997778	0.0
0.9547699529997777	0.0
0.9557699529997776	3.770579829229097e-05
0.9567699529997775	0.0
0.9577699529997774	0.0
0.9587699529997773	0.0
0.9597699529997772	0.0
0.9607699529997771	0.0
0.961769952999777	0.0
0.9627699529997769	0.0
0.9637699529997767	0.0
0.9647699529997766	0.0
0.9657699529997765	0.0
0.9667699529997764	0.0
0.9677699529997763	3.770579829229097e-05
0.9687699529997762	0.0
0.9697699529997761	0.0
0.970769952999776	0.0
0.9717699529997759	0.0
0.9727699529997758	0.0
0.9737699529997756	0.0
0.9747699529997755	0.0
0.9757699529997754	3.770579829229097e-05
0.9767699529997753	0.0
0.9777699529997752	0.0
0.9787699529997751	0.0
0.979769952999775	0.0
0.9807699529997749	3.770579829229097e-05
0.9817699529997748	0.0
0.9827699529997747	0.0
0.9837699529997745	0.0
0.9847699529997744	0.0
0.9857699529997743	0.0
0.9867699529997742	0.0
0.9877699529997741	0.0
0.988769952999774	0.0
0.9897699529997739	0.0
0.9907699529997738	0.0
0.9917699529997737	0.0
0.9927699529997736	0.0
0.9937699529997734	0.0
0.9947699529997733	0.0
0.9957699529997732	0.0
0.9967699529997731	0.0
0.997769952999773	0.0
0.9987699529997729	0.0
0.9997699529997728	0.0
1.0007699529997727	0.0
1.0017699529997726	0.0
1.0027699529997725	0.0
1.0037699529997723	0.0
1.0047699529997722	0.0
1.0057699529997721	3.770579829229097e-05
1.006769952999772	0.0
1.007769952999772	0.0
1.0087699529997718	0.0
1.0097699529997717	0.0
1.0107699529997716	0.0
1.0117699529997715	0.0
1.0127699529997714	0.0
1.0137699529997712	3.770579829229097e-05
1.0147699529997711	0.0
1.015769952999771	0.0
1.016769952999771	0.0
1.0177699529997708	0.0
1.0187699529997707	0.0
1.0197699529997706	0.0
1.0207699529997705	0.0
1.0217699529997704	0.0
1.0227699529997702	0.0
1.0237699529997701	0.0
1.02476995299977	3.770579829229097e-05
1.02576995299977	0.0
1.0267699529997698	0.0
1.0277699529997697	0.0
1.0287699529997696	0.0
1.0297699529997695	0.0
1.0307699529997694	0.0
1.0317699529997693	3.770579829229097e-05
1.0327699529997691	0.0
1.033769952999769	0.0
1.034769952999769	0.0
1.0357699529997688	0.0
1.0367699529997687	0.0
1.0377699529997686	0.0
1.0387699529997685	0.0
1.0397699529997684	0.0
1.0407699529997683	0.0
1.0417699529997682	0.0
1.042769952999768	0.0
1.043769952999768	0.0
1.0447699529997678	0.0
1.0457699529997677	0.0
1.0467699529997676	0.0
1.0477699529997675	0.0
1.0487699529997674	0.0
1.0497699529997673	0.0
1.0507699529997672	0.0
1.051769952999767	0.0
1.052769952999767	0.0
1.0537699529997668	0.0
1.0547699529997667	0.0
1.0557699529997666	0.0
1.0567699529997665	0.0
1.0577699529997664	0.0
1.0587699529997663	0.0
1.0597699529997662	0.0
1.060769952999766	0.0
1.061769952999766	0.0
1.0627699529997658	0.0
1.0637699529997657	3.770579829229097e-05
